-35.86395
-33.29025
-31.99221
-16.84095
-26.17341
-29.39613
-31.4439
-31.45509
-16.03527
-30.01158
-34.99113
-35.67372
-35.49468
-35.98704
-36.38988
-33.04407
-31.48866
-29.64231
-30.29133
-37.69911
-36.63606
-34.48758
-29.84373
-18.6873
-27.89667
-28.71354
-36.2556
-35.19255
-32.02578
-36.02061
-35.808
-35.09184
-37.8222
-36.2556
-29.70945
-37.35222
-37.75506
-37.67673
-25.53558
-36.73677
-36.28917
-37.0389
-26.09508
-29.19471
-34.89042
-38.14671
-30.01158
-38.18028
-40.92183
-28.01976
-37.85577
-28.47855
-16.75143
-38.22504
-30.35847
-31.82436
-31.64532
-36.45702
-35.64015
-33.83856
-34.92399
-35.64015
-34.58829
-37.8222
-38.3817
-28.7583
-29.64231
-29.39613
-33.22311
-30.19062
-38.29218
-37.65435
-18.00471
-38.61669
-38.2698
-38.43765
-38.78454
-38.67264
-38.65026
-29.45208
-34.10712
-38.61669
-38.7174
-38.75097
-35.70729
-38.16909
-38.2698
-38.41527
-38.61669
-38.31456
-16.5612
-38.66145
-27.61692
-29.94444
-38.43765
-29.46327
-23.01783
-22.68213
-37.91172
-38.56074
-28.18761
-36.7032
-34.75614
-38.73978
-34.9128
-34.90161
-38.35932
-38.22504
-28.67997
-29.97801
-38.23623
-38.40408
-30.35847
-18.00471
-32.12649
-31.8915
-38.93001
-35.77443
-36.90462
-38.98596
-38.10195
-35.67372
-16.10241
-41.69394
-17.70258
-41.79465
-35.61777
-37.07247
-33.08883
-29.39613
-41.59323
-39.0531
-31.86912
-39.03072
-28.41141
-31.27605
-37.28508
-17.50116
-38.35932
-35.95347
-34.85685
-38.03481
-38.22504
-36.7032
-32.47338
-17.78091
-33.35739
-32.82027
-33.1224
-29.8773
-37.20675
-32.93217
-33.18954
-16.03527
-25.80414
-34.20783
-37.10604
-30.3249
-32.1153
-32.29434
-32.41743
-38.7174
-34.62186
-34.2414
-38.50479
-32.10411
-29.63112
-38.88525
-32.31672
-37.65435
-33.21192
-35.57301
-32.73075
-32.96574
-16.6731
-33.25668
-38.40408
-36.60249
-25.80414
-17.35569
-36.05418
-18.25089
-34.00641
-38.23623
-35.95347
-36.32274
-31.48866
-33.2343
-32.23839
-30.97392
-30.82845
-33.04407
-33.48048
-33.04407
-29.60874
-30.14586
-28.79187
-32.64123
-32.8986
-32.76432
-19.98534
-17.93757
-33.26787
-31.47747
-32.92098
-38.43765
-38.43765
-37.46412
-36.83748
-38.20266
-36.80391
-35.87514
-35.57301
-34.17426
-18.00471
-21.65265
-25.64748
-26.36364
-16.98642
-31.94745
-40.03782
-40.51899
-38.11314
-17.50116
-32.17125
-30.90678
-16.53882
-32.57409
-33.0105
-27.6393
-30.73893
-31.61175
-30.31371
-29.66469
-28.34427
-30.72774
-29.46327
-30.14586
-29.60874
-31.17534
-36.64725
-32.66361
-33.35739
-34.92399
-39.32166
-28.25475
-34.78971
-32.19363
-34.65543
-36.44583
-22.10025
-36.05418
-32.21601
-34.96875
-32.5629
-34.55472
-33.08883
-34.30854
-37.75506
-33.72666
-29.58636
-30.39204
-28.47855
-21.95478
-37.24032
-32.85384
-33.80499
-33.08883
-41.54847
-29.97801
-40.41828
-37.00533
-30.39204
-40.31757
-39.3888
-38.88525
-36.15489
-37.07247
-39.97068
-32.57409
-38.90763
-38.79573
-40.23924
-34.40925
-34.99113
-38.90763
-38.14671
-25.18869
-35.0247
-32.12649
-20.08605
-30.25776
-26.9679
-28.6464
-28.92615
-28.34427
-25.16631
-26.02794
-27.85191
-28.82544
-30.76131
-33.43572
-30.55989
-41.50371
-32.37267
-32.37267
-30.55989
-29.84373
-30.01158
-31.2201
-36.35631
-36.05418
-33.55881
-37.65435
-39.28809
-41.20158
-33.35739
-34.52115
-29.97801
-25.12155
-19.23561
-25.81533
-25.60272
-36.93819
-35.87514
-34.59948
-30.07872
-25.34535
-32.97693
-34.1295
-31.79079
-30.94035
-29.5416
-25.32297
-36.77034
-41.403
-25.61391
-30.89559
-16.99761
-36.35631
-33.93927
-21.41766
-39.35523
-37.55364
-29.94444
-30.76131
-39.0531
-29.81016
-36.0318
-35.19255
-33.42453
-33.21192
-32.85384
-31.8915
-30.3249
-29.5416
-32.05935
-32.77551
-31.30962
-30.42561
-29.67588
-33.18954
-27.48264
-26.88957
-26.56506
-25.88247
-38.7174
-29.35137
-40.07139
-38.16909
-39.8364
-36.87105
-36.5913
-31.61175
-35.27088
-39.00834
-38.95239
-38.96358
-35.23731
-36.32274
-17.38926
-34.27497
-29.70945
-30.69417
-31.85793
-34.44282
-35.19255
-35.88633
-35.95347
-18.15018
-37.4865
-24.77466
-25.22226
-34.17426
-27.24765
-29.60874
-29.89968
-29.094
-30.39204
-29.5416
-28.54569
-30.82845
-27.04623
-28.10928
-34.92399
-22.20096
-37.21794
-27.82953
-33.04407
-28.99329
-25.99437
-29.29542
-36.22203
-27.69525
-29.63112
-26.87838
-35.27088
-36.35631
-37.85577
-33.6819
-37.0389
-34.20783
-36.28917
-19.03419
-35.12541
-34.14069
-36.99414
-35.67372
-31.82436
-30.72774
-30.72774
-20.46651
-35.23731
-29.57517
-28.69116
-30.79488
-34.40925
-35.33802
-32.97693
-33.10002
-29.70945
-35.50587
-28.71354
-28.17642
-33.77142
-36.43464
-36.927
-36.55773
-38.1579
-24.89775
-35.97585
-32.54052
-25.47963
-37.53126
-31.07463
-30.86202
-37.27389
-35.37159
-31.72365
-25.33416
-34.82328
-31.72365
-34.44282
-28.95972
-33.04407
-30.19062
-31.69008
-29.94444
-29.46327
-29.50803
-36.2556
-35.77443
-34.44282
-24.62919
-31.24248
-32.2272
-37.00533
-36.82629
-37.13961
-35.17017
-32.60766
-26.73291
-31.82436
-30.69417
-36.15489
-29.74302
-27.43788
-27.85191
-34.03998
-29.12757
-24.55086
-35.9199
-24.76347
-34.44282
-26.81124
-24.38301
-24.89775
-27.68406
-24.62919
-28.36665
-36.22203
-18.25089
-32.37267
-30.49275
-24.93132
-24.80823
-32.02578
-24.89775
-29.82135
-28.67997
-27.57216
-25.9608
-25.60272
-25.26702
-30.51513
-25.88247
-31.1082
-32.87622
-33.9057
-35.53944
-30.39204
-32.19363
-28.03095
-22.55904
-20.55603
-23.8347
-34.14069
-31.82436
-26.84481
-28.18761
-24.43896
-24.69633
-27.23646
-28.14285
-24.58443
-24.1704
-29.70945
-29.94444
-32.47338
-26.35245
-25.46844
-24.79704
-26.39721
-28.20999
-30.19062
-30.15705
-21.89883
-30.04515
-21.0372
-24.38301
-25.19988
-24.7299
-33.22311
-17.904
-25.64748
-34.62186
-33.59238
-26.6322
-24.21516
-29.81016
-16.87452
-25.27821
-30.90678
-24.93132
-24.56205
-21.41766
-18.73206
-35.67372
-28.61283
-31.85793
-28.51212
-34.75614
-35.40516
-35.53944
-32.80908
-32.40624
-27.46026
-30.76131
-27.14694
-30.69417
-30.40323
-29.81016
-33.62595
-34.02879
-36.28917
-27.8631
-19.36989
-29.67588
-28.5345
-21.04839
-34.23021
-34.87923
-23.12973
-19.50417
-24.20397
-30.86202
-26.26293
-33.44691
-26.1846
-28.44498
-24.618
-29.64231
-28.89258
-22.2681
-27.28122
-26.46435
-24.56205
-25.09917
-29.38494
-31.72365
-16.42692
-27.03504
-19.20204
-30.03396
-33.87213
-27.61692
-28.34427
-34.2414
-27.46026
-33.20073
-35.74086
-27.15813
-24.18159
-34.44282
-33.72666
-27.5274
-21.57432
-33.18954
-22.61499
-24.21516
-16.75143
-30.72774
-28.71354
-29.68707
-24.47253
-22.44714
-29.64231
-28.99329
-23.53257
-24.83061
-23.43186
-29.70945
-24.32706
-24.60681
-24.47253
-24.5061
-24.52848
-29.4297
-34.14069
-17.18784
-33.13359
-33.91689
-33.80499
-35.20374
-27.5274
-33.97284
-32.47338
-27.31479
-29.36256
-20.39937
-32.70837
-25.12155
-24.76347
-24.66276
-24.53967
-23.85708
-33.15597
-23.52138
-24.45015
-24.57324
-24.23754
-32.71956
-26.36364
-30.76131
-31.81317
-33.17835
-33.42453
-32.60766
-23.26401
-32.74194
-32.52933
-18.30684
-31.81317
-31.51104
-25.88247
-32.90979
-27.14694
-28.26594
-22.74927
-24.48372
-24.48372
-28.51212
-26.43078
-28.67997
-25.58034
-32.77551
-29.94444
-29.63112
-29.11638
-30.31371
-33.24549
-32.84265
-25.36773
-33.82737
-33.31263
-33.04407
-27.21408
-17.28855
-28.56807
-24.43896
-25.03203
-24.99846
-33.0105
-29.50803
-24.55086
-30.25776
-33.62595
-33.59238
-34.17426
-33.82737
-28.88139
-32.19363
-33.39096
-31.16415
-33.31263
-24.69633
-24.7299
-25.0656
-24.67395
-24.24873
-25.24464
-24.66276
-24.99846
-19.10133
-16.85214
-33.4581
-33.62595
-29.16114
-29.7654
-33.17835
-30.76131
-30.55989
-29.91087
-33.21192
-28.20999
-24.65157
-24.04731
-29.84373
-29.26185
-33.52524
-28.82544
-24.79704
-31.02987
-26.2965
-33.52524
-23.59971
-34.54353
-34.71138
-27.96381
-32.29434
-16.97523
-32.94336
-31.57818
-32.90979
-26.12865
-24.62919
-29.32899
-33.3462
-33.24549
-31.57818
-26.856
-33.05526
-33.52524
-32.70837
-22.95069
-33.92808
-19.30275
-24.7299
-28.79187
-30.44799
-30.92916
-30.28014
-25.23345
-30.42561
-27.21408
-25.44606
-32.3391
-27.72882
-32.70837
-34.14069
-33.96165
-22.84998
-34.37568
-30.6606
-33.65952
-33.55881
-32.77551
-32.77551
-32.36148
-31.37676
-30.07872
-31.91388
-25.44606
-32.02578
-29.81016
-32.70837
-32.42862
-33.42453
-32.94336
-33.86094
-33.96165
-30.82845
-33.31263
-30.96273
-24.69633
-26.02794
-30.17943
-26.22936
-33.14478
-31.67889
-27.76239
-31.61175
-31.64532
-31.06344
-30.6606
-30.11229
-26.93433
-25.34535
-32.3391
-24.66276
-30.39204
-32.84265
-18.11661
-33.77142
-33.83856
-28.67997
-30.48156
-34.61067
-30.86202
-30.11229
-24.78585
-28.10928
-27.62811
-30.89559
-21.41766
-24.89775
-23.91303
-25.44606
-34.67781
-34.92399
-30.48156
-23.90184
-35.09184
-34.16307
-24.69633
-24.47253
-33.24549
-34.99113
-34.1295
-34.17426
-27.49383
-28.57926
-24.1704
-31.91388
-33.55881
-33.76023
-33.4581
-34.5771
-24.9537
-32.16006
-24.96489
-30.01158
-30.03396
-33.93927
-24.79704
-32.40624
-32.5629
-24.83061
-33.65952
-24.66276
-32.84265
-31.06344
-24.52848
-26.2965
-33.6819
-26.16222
-34.02879
-33.3462
-30.48156
-25.35654
-24.96489
-35.53944
-33.04407
-31.92507
-32.47338
-25.58034
-31.02987
-30.59346
-19.85106
-25.82652
-28.23237
-34.21902
-33.08883
-27.18051
-20.28747
-35.12541
-30.35847
-28.1988
-35.33802
-36.17727
-35.29326
-33.08883
-25.30059
-23.42067
-18.31803
-34.20783
-34.33092
-24.7299
-33.22311
-33.27906
-34.54353
-34.34211
-30.11229
-25.24464
-35.19255
-30.04515
-34.92399
-22.95069
-33.99522
-29.12757
-33.99522
-34.74495
-33.15597
-31.27605
-36.11013
-25.737
-35.60658
-32.75313
-33.29025
-34.44282
-25.36773
-27.42669
-29.4297
-31.61175
-26.94552
-26.81124
-27.28122
-32.5629
-35.39397
-31.69008
-31.27605
-30.17943
-26.7441
-29.094
-32.70837
-27.06861
-29.50803
-35.29326
-30.69417
-23.85708
-24.60681
-25.74819
-24.9537
-36.32274
-34.02879
-25.33416
-24.12564
-23.36472
-29.50803
-30.39204
-34.61067
-22.48071
-34.95756
-35.29326
-36.1437
-27.18051
-23.44305
-29.06043
-25.91604
-23.499
-23.36472
-23.23044
-36.89343
-36.38988
-23.81232
-33.97284
-35.57301
-36.82629
-25.36773
-25.16631
-36.1437
-33.39096
-23.87946
-33.76023
-36.45702
-32.2272
-31.02987
-34.54353
-30.12348
-34.71138
-30.22419
-30.86202
-30.94035
-36.72558
-36.927
-35.87514
-35.29326
-36.32274
-35.49468
-37.10604
-31.41033
-29.29542
-35.42754
-35.97585
-35.57301
-26.26293
-28.05333
-35.97585
-25.36773
-28.89258
-25.78176
-25.44606
-31.61175
-26.09508
-30.94035
-25.71462
-37.60959
-37.60959
-30.8844
-30.79488
-30.42561
-37.50888
-37.30746
-22.98426
-25.68105
-35.77443
-34.5771
-25.24464
-32.59647
-34.06236
-32.51814
-34.99113
-25.36773
-36.00942
-33.52524
-38.18028
-21.45123
-36.08775
-36.32274
-38.57193
-37.95648
-36.11013
-37.68792
-30.52632
-28.18761
-28.14285
-22.98426
-36.32274
-27.79596
-27.93024
-36.49059
-35.25969
-35.25969
-25.4013
-31.14177
-31.95864
-34.92399
-30.22419
-25.56915
-34.67781
-21.35052
-38.50479
-32.8986
-38.50479
-25.60272
-25.50201
-38.9412
-38.19147
-31.01868
-38.1579
-30.55989
-35.60658
-38.09076
-37.88934
-29.22828
-23.11854
-37.57602
-35.53944
-31.37676
-29.64231
-25.26702
-26.35245
-25.26702
-25.78176
-25.9608
-37.8222
-33.89451
-35.57301
-34.74495
-36.49059
-34.47639
-34.54353
-27.14694
-25.66986
-29.16114
-24.38301
-25.91604
-35.53944
-32.19363
-31.85793
-31.51104
-35.22612
-23.35353
-35.49468
-23.43186
-23.76756
-23.21925
-36.62487
-35.25969
-33.3462
-30.94035
-28.23237
-37.3746
-34.5771
-34.2414
-24.14802
-34.92399
-36.97176
-25.19988
-36.79272
-31.47747
-31.37676
-34.40925
-36.5913
-35.94228
-32.70837
-35.49468
-29.46327
-39.00834
-32.29434
-28.94853
-22.7157
-22.74927
-23.30877
-23.52138
-34.61067
-34.95756
-28.47855
-31.94745
-24.69633
-23.55495
-35.32683
-36.42345
-33.55881
-24.31587
-24.618
-38.59431
-37.68792
-25.64748
-25.46844
-30.86202
-29.7654
-29.53041
-26.08389
-37.10604
-29.08281
-28.67997
-28.81425
-29.49684
-34.44282
-28.57926
-35.05827
-35.22612
-34.54353
-34.44282
-34.74495
-34.47639
-34.27497
-34.50996
-36.42345
-35.808
-35.49468
-28.6464
-34.50996
-33.0105
-28.78068
-36.52416
-32.16006
-26.01675
-41.16801
-24.59562
-31.49985
-32.40624
-32.36148
-29.26185
-30.86202
-41.43657
-28.81425
-31.20891
-26.21817
-29.19471
-31.19772
-31.57818
-28.91496
-40.00425
-32.2272
-40.01544
-31.85793
-36.82629
-29.04924
-31.27605
-34.82328
-30.51513
-33.49167
-23.29758
-37.40817
-25.4013
-31.62294
-29.49684
-24.85299
-25.43487
-33.22311
-27.21408
-25.94961
-28.03095
-28.16523
-26.66577
-34.14069
-29.8773
-31.4439
-36.63606
-28.07571
-25.74819
-29.55279
-29.49684
-32.74194
-31.34319
-33.25668
-22.98426
-36.06537
-30.213
-29.29542
-34.02879
-31.54461
-29.16114
-30.69417
-31.94745
-28.9821
-29.08281
-29.73183
-29.84373
-33.72666
-29.63112
-33.65952
-32.3391
-33.08883
-29.16114
-33.24549
-17.31093
-32.54052
-34.71138
-35.84157
-35.90871
-24.45015
-24.75228
-25.50201
-25.30059
-26.66577
-29.8773
-36.79272
-40.37352
-35.39397
-35.67372
-26.84481
-26.12865
-25.35654
-26.7441
-35.57301
-32.2272
-34.54353
-34.5771
-34.06236
-22.67094
-30.01158
-34.17426
-33.96165
-36.45702
-33.21192
-34.03998
-35.09184
-30.01158
-31.88031
-31.63413
-31.88031
-31.65651
-29.32899
-24.45015
-32.40624
-34.44282
-34.06236
-34.47639
-32.77551
-33.49167
-40.20567
-34.43163
-33.32382
-30.82845
-33.11121
-22.91712
-33.83856
-23.20806
-22.97307
-38.84049
-32.41743
-24.23754
-23.84589
-23.46543
-24.18159
-30.17943
-25.60272
-25.15512
-24.53967
-24.65157
-25.98318
-26.33007
-26.15103
-29.04924
-29.36256
-27.51621
-30.69417
-31.02987
-32.16006
-31.16415
-28.44498
-32.77551
-29.84373
-26.08389
-28.1988
-26.90076
-24.76347
-29.66469
-19.95177
-35.25969
-31.85793
-33.24549
-34.27497
-40.11615
-21.92121
-34.5771
-32.03697
-38.40408
-31.91388
-33.15597
-36.927
-22.36881
-41.47014
-32.05935
-34.02879
-33.87213
-33.87213
-37.88934
-22.74927
-34.67781
-31.64532
-24.18159
-24.96489
-24.34944
-34.47639
-24.618
-25.36773
-34.10712
-24.99846
-28.40022
-31.4439
-31.46628
-34.92399
-34.99113
-33.72666
-33.76023
-33.3462
-34.20783
-34.67781
-32.47338
-34.95756
-35.22612
-32.46219
-24.89775
-34.37568
-32.19363
-31.09701
-32.05935
-33.4581
-30.33609
-27.35955
-34.64424
-31.99221
-34.58829
-36.72558
-33.11121
-33.87213
-40.6197
-36.08775
-27.28122
-38.84049
-33.52524
-22.70451
-36.75915
-31.82436
-24.40539
-26.90076
-34.03998
-25.88247
-24.65157
-26.11746
-26.36364
-25.68105
-27.28122
-27.65049
-30.96273
-30.11229
-31.81317
-32.32791
-31.37676
-32.87622
-31.20891
-33.77142
-34.95756
-24.85299
-35.70729
-33.65952
-35.64015
-34.44282
-33.62595
-34.47639
-39.7245
-35.25969
-39.86997
-33.52524
-24.06969
-25.4013
-34.82328
-31.74603
-38.67264
-35.0247
-34.52115
-24.45015
-23.0514
-23.15211
-23.11854
-22.63737
-23.25282
-34.20783
-22.81641
-23.499
-23.35353
-23.59971
-23.86827
-23.66685
-37.27389
-24.10326
-24.10326
-24.24873
-24.45015
-24.58443
-24.71871
-24.85299
-25.46844
-25.23345
-26.90076
-26.25174
-25.4013
-26.2965
-26.01675
-25.68105
-26.83362
-26.39721
-25.74819
-26.56506
-27.44907
-27.51621
-25.53558
-35.42754
-34.85685
-35.22612
-33.76023
-25.55796
-34.40925
-30.59346
-34.02879
-24.14802
-35.97585
-35.49468
-22.81641
-22.95069
-22.74927
-22.78284
-22.6038
-35.09184
-23.11854
-23.01783
-22.98426
-22.84998
-39.62379
-34.85685
-32.2272
-31.84674
-34.50996
-33.65952
-25.60272
-33.9057
-22.70451
-36.11013
-25.91604
-34.14069
-32.77551
-22.84998
-23.35353
-38.05719
-22.81641
-22.91712
-25.03203
-33.76023
-26.21817
-27.14694
-30.24657
-28.94853
-32.09292
-32.90979
-24.55086
-28.33308
-34.74495
-26.56506
-25.68105
-29.49684
-22.30167
-29.73183
-30.44799
-34.52115
-34.40925
-32.43981
-34.61067
-34.74495
-34.75614
-22.57023
-22.74927
-22.91712
-22.88355
-22.84998
-22.91712
-22.84998
-22.98426
-22.84998
-22.88355
-37.54245
-36.13251
-25.36773
-34.47639
-36.17727
-34.29735
-22.70451
-22.84998
-33.96165
-26.83362
-34.55472
-24.85299
-35.09184
-22.6038
-22.70451
-36.62487
-22.63737
-32.50695
-22.70451
-22.95069
-22.91712
-22.78284
-37.44174
-29.5416
-35.74086
-33.37977
-31.74603
-34.06236
-33.55881
-30.59346
-32.05935
-34.03998
-24.00255
-34.02879
-24.13683
-33.3462
-33.27906
-34.37568
-24.55086
-24.55086
-35.37159
-36.72558
-37.34103
-22.81641
-22.78284
-24.27111
-24.13683
-35.15898
-23.15211
-22.98426
-31.23129
-27.96381
-23.76756
-34.48758
-35.64015
-32.80908
-35.30445
-22.91712
-34.37568
-23.1633
-34.40925
-34.64424
-34.71138
-36.55773
-22.88355
-23.26401
-34.61067
-37.72149
-34.99113
-35.94228
-36.82629
-36.49059
-36.69201
-34.689
-27.34836
-22.46952
-22.40238
-22.50309
-22.53666
-22.6038
-22.78284
-35.68491
-22.64856
-34.44282
-32.84265
-22.88355
-22.67094
-22.84998
-23.35353
-22.91712
-22.88355
-34.84566
-22.64856
-22.97307
-22.50309
-26.76648
-32.70837
-31.1082
-29.45208
-28.37784
-27.49383
-28.40022
-32.32791
-32.97693
-25.8489
-23.21925
-24.45015
-34.20783
-23.70042
-31.81317
-34.54353
-34.74495
-36.12132
-34.71138
-32.29434
-22.74927
-25.78176
-37.0389
-27.14694
-25.8489
-34.92399
-36.21084
-34.40925
-38.63907
-33.11121
-33.07764
-29.4297
-33.3462
-35.89752
-23.91303
-27.38193
-18.48588
-32.57409
-28.24356
-35.29326
-35.84157
-22.40238
-22.67094
-22.57023
-33.14478
-22.40238
-22.74927
-35.94228
-23.0514
-30.72774
-22.88355
-23.18568
-23.01783
-23.18568
-22.6038
-22.33524
-22.6038
-33.25668
-30.59346
-32.5629
-33.14478
-27.79596
-23.8347
-24.13683
-24.51729
-35.808
-37.8222
-31.88031
-37.40817
-37.88934
-35.05827
-37.95648
-25.09917
-35.64015
-27.51621
-23.21925
-34.77852
-38.09076
-22.63737
-37.75506
-26.54268
-28.20999
-35.53944
-35.29326
-34.77852
-39.52308
-38.57193
-34.40925
-38.12433
-22.06668
-33.80499
-26.81124
-26.53149
-26.80005
-35.15898
-33.4581
-31.65651
-35.90871
-35.22612
-24.45015
-35.74086
-22.6038
-22.6038
-40.58613
-22.53666
-22.98426
-22.98426
-33.26787
-23.7228
-23.43186
-23.30877
-22.9395
-22.69332
-22.63737
-22.13382
-22.13382
-25.91604
-22.57023
-22.03311
-33.05526
-32.50695
-35.05827
-29.32899
-28.61283
-35.40516
-35.09184
-32.5629
-25.22226
-24.34944
-23.81232
-31.91388
-26.33007
-34.37568
-22.16739
-36.21084
-22.10025
-29.26185
-37.8222
-21.71979
-31.23129
-38.67264
-22.88355
-40.37352
-22.63737
-38.97477
-29.56398
-38.75097
-40.41828
-37.62078
-36.07656
-33.07764
-42.55557
-27.4155
-35.84157
-22.67094
-22.36881
-22.36881
-22.6038
-22.88355
-22.63737
-22.50309
-22.88355
-22.51428
-22.16739
-22.30167
-23.63328
-24.11445
-32.29434
-34.52115
-36.05418
-30.82845
-32.5629
-28.40022
-33.52524
-23.80113
-34.95756
-24.13683
-24.41658
-26.1846
-23.0514
-37.54245
-41.88417
-30.59346
-35.60658
-29.94444
-34.75614
-22.13382
-21.95478
-39.7245
-31.88031
-35.0247
-36.69201
-35.12541
-35.77443
-17.76972
-36.28917
-41.68275
-41.67156
-41.53728
-31.85793
-27.76239
-22.6038
-22.53666
-22.6038
-30.51513
-35.22612
-36.18846
-36.72558
-29.84373
-17.53473
-22.95069
-36.35631
-22.30167
-43.35006
-35.97585
-37.13961
-35.12541
-35.74086
-36.11013
-21.92121
-22.63737
-37.47531
-37.0389
-36.1437
-22.91712
-36.12132
-22.43595
-22.57023
-23.11854
-22.57023
-31.94745
-32.05935
-23.3871
-23.11854
-23.56614
-23.59971
-23.31996
-23.25282
-30.01158
-23.76756
-35.56182
-27.54978
-28.09809
-24.51729
-36.22203
-22.30167
-22.81641
-29.81016
-35.98704
-36.2556
-33.21192
-22.57023
-22.57023
-22.81641
-22.70451
-22.63737
-22.91712
-36.69201
-35.94228
-36.45702
-22.70451
-22.03311
-21.71979
-22.03311
-23.11854
-22.10025
-21.8205
-21.65265
-32.05935
-30.86202
-35.97585
-36.75915
-21.98835
-26.59863
-26.05032
-27.21408
-22.67094
-31.4439
-36.28917
-17.55711
-36.27798
-37.0389
-38.40408
-21.88764
-22.33524
-33.99522
-39.59022
-23.63328
-34.30854
-36.42345
-37.17318
-22.6038
-33.0105
-34.07355
-22.33524
-22.50309
-36.04299
-32.02578
-36.97176
-23.25282
-34.78971
-23.59971
-23.42067
-23.499
-23.499
-28.67997
-27.72882
-23.499
-23.70042
-24.00255
-25.16631
-24.55086
-23.66685
-36.97176
-26.76648
-36.62487
-24.34944
-22.74927
-31.02987
-36.17727
-36.77034
-22.6038
-33.96165
-22.63737
-22.67094
-22.81641
-22.74927
-22.91712
-22.78284
-22.91712
-21.98835
-35.12541
-21.0372
-36.17727
-21.4848
-31.2201
-32.19363
-36.79272
-33.80499
-20.97006
-37.13961
-22.33524
-21.65265
-21.88764
-30.72774
-21.65265
-36.75915
-36.85986
-22.36881
-26.15103
-22.84998
-32.32791
-22.53666
-32.02578
-22.16739
-22.63737
-22.81641
-22.63737
-32.39505
-22.84998
-37.20675
-22.06668
-22.84998
-23.21925
-23.56614
-23.11854
-23.35353
-23.499
-23.70042
-35.40516
-22.98426
-23.42067
-23.56614
-22.84998
-23.66685
-26.66577
-29.91087
-23.70042
-24.71871
-36.69201
-21.8205
-21.65265
-21.31695
-38.1579
-29.59755
-33.14478
-37.58721
-37.27389
-27.14694
-30.76131
-21.71979
-28.54569
-26.56506
-27.93024
-22.6038
-22.84998
-21.13791
-27.14694
-35.70729
-37.13961
-22.06668
-36.28917
-37.20675
-38.12433
-23.499
-33.7938
-32.2272
-22.81641
-28.09809
-21.65265
-22.63737
-22.98426
-23.3871
-23.35353
-23.18568
-23.42067
-23.46543
-22.50309
-23.11854
-23.66685
-23.46543
-23.53257
-25.19988
-26.93433
-24.10326
-24.89775
-25.0656
-23.56614
-33.92808
-36.65844
-38.05719
-22.40238
-21.45123
-21.45123
-21.4848
-33.92808
-37.10604
-37.60959
-37.20675
-37.44174
-36.927
-38.16909
-36.49059
-26.25174
-28.91496
-25.09917
-37.8222
-22.53666
-22.57023
-21.98835
-22.40238
-22.58142
-36.65844
-38.97477
-21.45123
-22.20096
-23.46543
-22.67094
-22.78284
-22.98426
-21.68622
-22.98426
-21.69741
-35.70729
-31.88031
-33.04407
-32.5629
-23.31996
-29.94444
-23.56614
-29.63112
-23.56614
-23.46543
-23.46543
-23.31996
-23.46543
-23.70042
-21.61908
-21.45123
-23.35353
-31.54461
-23.01783
-23.0514
-21.45123
-21.31695
-25.03203
-36.7032
-36.00942
-34.20783
-22.23453
-22.06668
-27.21408
-26.49792
-19.10133
-26.69934
-36.80391
-21.31695
-34.85685
-34.03998
-37.65435
-38.02362
-36.00942
-30.79488
-32.90979
-32.90979
-21.65265
-21.31695
-37.13961
-33.31263
-21.71979
-32.05935
-32.28315
-21.31695
-33.11121
-21.51837
-22.62618
-21.69741
-32.32791
-23.01783
-22.98426
-22.70451
-22.81641
-30.86202
-23.01783
-23.11854
-29.16114
-23.3871
-28.67997
-23.31996
-40.23924
-23.80113
-23.80113
-23.3871
-23.66685
-30.55989
-29.14995
-28.34427
-27.31479
-26.60982
-27.99738
-26.26293
-24.34944
-23.70042
-23.39829
-23.39829
-23.42067
-27.96381
-23.499
-27.54978
-25.8489
-23.70042
-35.18136
-32.42862
-23.96898
-22.53666
-37.10604
-37.78863
-22.25691
-22.61499
-23.31996
-35.84157
-23.7228
-38.91882
-46.11399
-24.51729
-22.43595
-25.03203
-28.36665
-21.65265
-37.44174
-35.808
-30.6606
-24.18159
-23.80113
-26.93433
-38.75097
-41.04492
-38.29218
-37.27389
-22.06668
-39.13143
-21.80931
-21.78693
-36.22203
-31.37676
-23.15211
-23.70042
-30.6606
-42.46605
-29.97801
-36.72558
-35.39397
-38.43765
-22.23453
-23.70042
-29.49684
-23.42067
-23.31996
-39.90354
-24.18159
-23.18568
-23.25282
-23.01783
-35.90871
-37.72149
-36.82629
-22.95069
-23.28639
-22.70451
-22.88355
-22.46952
-22.70451
-23.01783
-21.61908
-31.41033
-18.15018
-31.37676
-22.36881
-23.01783
-38.30337
-35.0247
-33.0105
-17.904
-36.79272
-24.00255
-23.21925
-33.55881
-32.05935
-38.90763
-35.94228
-23.01783
-37.65435
-32.59647
-36.11013
-26.59863
-29.32899
-34.85685
-37.17318
-31.02987
-39.32166
-31.41033
-27.76239
-38.10195
-40.21686
-39.22095
-38.63907
-33.76023
-30.31371
-23.3871
-23.28639
-23.25282
-35.70729
-23.56614
-37.72149
-38.62788
-40.97778
-23.11854
-23.08497
-23.01783
-22.84998
-38.6055
-22.74927
-23.01783
-22.95069
-38.50479
-22.67094
-22.81641
-37.65435
-35.28207
-27.0798
-22.50309
-22.67094
-38.11314
-34.05117
-32.05935
-35.32683
-31.84674
-32.74194
-22.33524
-35.808
-32.42862
-34.71138
-42.11916
-36.49059
-32.39505
-21.18267
-20.72388
-32.84265
-36.45702
-38.61669
-21.31695
-35.94228
-23.8347
-37.30746
-28.78068
-32.74194
-30.79488
-38.32575
-37.17318
-31.71246
-38.43765
-33.62595
-37.54245
-28.40022
-33.17835
-31.74603
-38.53836
-31.99221
-30.48156
-30.62703
-34.74495
-36.927
-24.10326
-31.91388
-23.73399
-23.3871
-23.28639
-23.90184
-23.21925
-23.01783
-23.15211
-23.15211
-28.54569
-35.40516
-25.25583
-23.0514
-22.84998
-22.98426
-30.07872
-22.78284
-22.81641
-22.6038
-22.95069
-22.81641
-22.57023
-22.33524
-37.09485
-34.85685
-38.50479
-32.05935
-40.25043
-32.12649
-36.11013
-36.5913
-31.88031
-31.85793
-31.84674
-37.40817
-37.99005
-22.2681
-33.14478
-28.43379
-33.39096
-30.79488
-33.3462
-28.74711
-36.1437
-28.51212
-33.07764
-31.71246
-37.40817
-36.60249
-27.04623
-22.78284
-29.16114
-30.17943
-23.59971
-35.77443
-31.67889
-26.76648
-35.60658
-37.00533
-36.12132
-37.62078
-37.00533
-35.88633
-31.7796
-34.77852
-28.29951
-39.28809
-27.82953
-29.63112
-23.59971
-23.31996
-23.28639
-36.11013
-23.96898
-30.69417
-23.11854
-23.08497
-23.0514
-29.08281
-23.0514
-31.7796
-22.78284
-22.91712
-22.57023
-22.70451
-22.46952
-22.6038
-22.70451
-36.55773
-36.45702
-31.16415
-26.09508
-22.20096
-34.47639
-30.22419
-39.86997
-22.20096
-22.30167
-35.57301
-40.51899
-17.73615
-37.07247
-32.29434
-31.09701
-26.6322
-34.82328
-35.4723
-38.29218
-36.18846
-30.92916
-30.14586
-36.62487
-21.73098
-30.04515
-22.84998
-35.87514
-35.77443
-35.84157
-30.44799
-34.83447
-39.93711
-33.55881
-40.85469
-37.88934
-36.09894
-32.05935
-35.90871
-35.60658
-34.78971
-36.69201
-34.92399
-21.35052
-30.9963
-31.02987
-40.78755
-35.15898
-29.97801
-36.28917
-37.47531
-23.76756
-23.42067
-23.28639
-23.21925
-24.03612
-24.04731
-32.63004
-23.15211
-23.0514
-32.12649
-35.08065
-23.0514
-31.34319
-35.19255
-34.99113
-22.95069
-36.28917
-22.67094
-22.67094
-29.26185
-22.57023
-22.57023
-35.12541
-30.31371
-24.48372
-35.46111
-31.23129
-36.32274
-36.32274
-22.2681
-22.13382
-30.89559
-20.33223
-29.11638
-35.0247
-29.56398
-35.84157
-30.48156
-34.06236
-30.82845
-34.89042
-34.47639
-30.51513
-37.62078
-22.98426
-23.73399
-22.78284
-30.38085
-22.81641
-31.74603
-36.17727
-35.19255
-32.26077
-26.80005
-36.2556
-18.98943
-33.86094
-35.84157
-30.24657
-26.43078
-32.70837
-29.64231
-39.93711
-33.0105
-31.19772
-31.65651
-27.99738
-28.6464
-34.54353
-37.06128
-23.8347
-23.93541
-23.86827
-23.31996
-20.4777
-23.21925
-35.0247
-23.11854
-23.0514
-22.78284
-28.44498
-29.84373
-34.71138
-28.1988
-22.36881
-22.20096
-28.47855
-39.15381
-29.26185
-28.54569
-35.67372
-38.37051
-36.11013
-32.32791
-32.94336
-32.36148
-29.59755
-35.25969
-37.8222
-28.91496
-24.34944
-35.55063
-24.45015
-34.30854
-39.25452
-22.81641
-26.99028
-39.32166
-36.85986
-35.53944
-28.51212
-28.67997
-26.25174
-34.77852
-31.61175
-22.36881
-35.49468
-30.213
-36.65844
-30.22419
-30.59346
-22.6038
-28.91496
-22.6038
-36.75915
-30.28014
-35.49468
-34.64424
-36.02061
-24.08088
-31.04106
-20.32104
-30.28014
-29.19471
-34.61067
-27.28122
-34.30854
-34.61067
-27.28122
-34.34211
-27.54978
-24.06969
-35.77443
-26.73291
-31.51104
-27.21408
-27.21408
-23.80113
-24.18159
-27.18051
-23.42067
-22.81641
-23.25282
-28.44498
-23.08497
-34.5771
-22.98426
-22.88355
-33.52524
-33.39096
-22.98426
-34.02879
-28.57926
-24.48372
-32.66361
-22.46952
-27.72882
-30.14586
-22.2681
-21.98835
-22.67094
-22.20096
-35.52825
-32.90979
-23.18568
-32.90979
-35.46111
-27.48264
-29.00448
-27.93024
-23.80113
-38.29218
-34.89042
-35.43873
-34.34211
-28.36665
-37.13961
-34.89042
-35.808
-33.82737
-36.07656
-26.90076
-36.49059
-34.67781
-31.81317
-25.33416
-25.8489
-22.53666
-22.6038
-34.89042
-23.25282
-22.63737
-27.76239
-34.2414
-33.69309
-34.95756
-25.83771
-33.27906
-24.00255
-29.16114
-29.16114
-35.12541
-32.87622
-31.30962
-25.16631
-35.88633
-26.80005
-27.4155
-37.57602
-35.87514
-24.38301
-28.71354
-33.3462
-34.50996
-34.61067
-34.44282
-28.84782
-30.55989
-34.64424
-27.04623
-33.69309
-37.5984
-23.35353
-33.82737
-28.1988
-28.36665
-34.05117
-34.30854
-32.16006
-32.87622
-34.99113
-26.83362
-34.67781
-34.30854
-33.07764
-35.98704
-34.64424
-35.97585
-22.6038
-34.2414
-31.34319
-34.2414
-33.04407
-33.55881
-33.42453
-33.24549
-32.42862
-19.8063
-27.89667
-25.16631
-32.05935
-22.43595
-36.66963
-21.41766
-27.8631
-31.19772
-33.52524
-33.14478
-27.65049
-32.29434
-27.1917
-30.86202
-28.36665
-30.76131
-24.41658
-34.52115
-28.57926
-24.68514
-34.50996
-30.92916
-33.52524
-31.41033
-36.49059
-31.99221
-32.94336
-32.2272
-28.36665
-33.59238
-32.39505
-25.26702
-25.03203
-32.66361
-34.78971
-34.30854
-33.82737
-22.41357
-22.36881
-27.76239
-26.53149
-32.97693
-33.82737
-32.66361
-24.99846
-20.82459
-31.24248
-31.91388
-36.83748
-32.5629
-20.97006
-30.55989
-32.39505
-32.59647
-34.5771
-31.47747
-31.99221
-28.03095
-36.04299
-25.88247
-32.2272
-21.98835
-36.17727
-34.10712
-36.00942
-30.69417
-32.46219
-33.11121
-22.6038
-29.39613
-26.39721
-34.20783
-34.64424
-32.94336
-27.28122
-22.95069
-24.24873
-26.2965
-23.76756
-19.75035
-24.38301
-31.37676
-24.51729
-26.86719
-35.0247
-24.18159
-35.0247
-31.4439
-32.77551
-23.80113
-31.7796
-34.10712
-32.50695
-31.19772
-25.33416
-31.19772
-31.67889
-22.63737
-31.27605
-33.31263
-20.97006
-31.23129
-26.25174
-35.27088
-26.71053
-32.19363
-31.99221
-33.0105
-25.98318
-32.70837
-35.56182
-35.70729
-33.24549
-33.14478
-20.86935
-26.08389
-34.2414
-31.91388
-31.71246
-35.96466
-33.35739
-33.3462
-31.7796
-27.48264
-26.73291
-31.99221
-35.22612
-32.16006
-24.03612
-19.70559
-25.09917
-32.02578
-24.38301
-26.11746
-25.0656
-32.09292
-32.74194
-25.64748
-33.11121
-30.48156
-30.86202
-31.37676
-24.81942
-27.44907
-28.51212
-30.07872
-33.18954
-30.6606
-24.55086
-29.19471
-23.80113
-27.24765
-31.84674
-32.52933
-23.76756
-33.72666
-31.84674
-31.41033
-29.66469
-34.74495
-30.9963
-27.11337
-35.67372
-21.96597
-28.9821
-31.02987
-29.01567
-24.48372
-33.97284
-33.77142
-19.64964
-22.84998
-23.81232
-37.72149
-31.27605
-29.16114
-25.78176
-34.17426
-31.27605
-29.56398
-32.49576
-32.26077
-31.23129
-22.91712
-20.04129
-34.75614
-20.22033
-35.74086
-34.39806
-18.15018
-31.4439
-26.49792
-30.01158
-30.31371
-32.42862
-33.62595
-33.77142
-26.6322
-23.0514
-32.02578
-24.51729
-32.5629
-32.49576
-32.3391
-32.32791
-24.45015
-26.66577
-33.24549
-33.07764
-31.67889
-34.61067
-24.00255
-23.56614
-32.5629
-23.73399
-23.25282
-34.92399
-30.04515
-32.70837
-29.95563
-22.78284
-32.5629
-32.16006
-25.8489
-24.65157
-22.98426
-26.1846
-34.5771
-31.46628
-30.81726
-24.99846
-24.53967
-24.38301
-34.10712
-25.23345
-23.59971
-24.18159
-23.99136
-17.83686
-23.76756
-26.93433
-23.3871
-24.38301
-32.90979
-32.32791
-22.88355
-26.59863
-22.81641
-22.41357
-20.66793
-22.50309
-28.29951
-28.71354
-33.72666
-22.20096
-21.73098
-21.31695
-20.66793
-25.24464
-29.36256
-33.24549
-29.01567
-30.69417
-34.70019
-27.96381
-25.50201
-34.37568
-31.57818
-31.57818
-28.36665
-32.66361
-26.33007
-33.7938
-27.68406
-26.86719
-30.28014
-32.87622
-28.3107
-31.30962
-30.213
-27.89667
-35.29326
-28.9821
-26.01675
-33.14478
-26.76648
-28.91496
-32.8986
-19.53774
-28.29951
-28.82544
-28.13166
-33.72666
-31.23129
-31.02987
-33.52524
-31.57818
-25.50201
-30.40323
-29.46327
-27.18051
-30.55989
-26.49792
-32.19363
-26.49792
-28.71354
-27.66168
-26.77767
-26.9679
-27.68406
-33.55881
-24.13683
-28.6464
-28.16523
-24.58443
-33.84975
-28.78068
-30.04515
-28.94853
-34.0176
-27.82953
-30.6606
-20.83578
-27.04623
-28.78068
-33.39096
-28.79187
-24.86418
-32.26077
-25.47963
-24.99846
-34.17426
-29.57517
-29.56398
-29.49684
-28.57926
-26.36364
-33.0105
-33.72666
-28.71354
-28.85901
-24.48372
-29.4297
-28.67997
-24.81942
-34.10712
-27.99738
-25.71462
-33.4581
-34.37568
-28.1988
-30.41442
-30.31371
-29.26185
-34.37568
-29.7654
-33.55881
-31.57818
-31.7796
-34.20783
-24.51729
-25.16631
-31.41033
-24.38301
-25.53558
-29.39613
-30.62703
-30.17943
-29.53041
-33.77142
-28.05333
-28.92615
-32.94336
-26.05032
-26.66577
-27.01266
-31.13058
-28.76949
-28.25475
-25.46844
-29.91087
-32.02578
-30.96273
-18.96705
-28.71354
-31.88031
-24.13683
-26.53149
-23.53257
-22.74927
-33.27906
-29.8773
-24.10326
-29.16114
-22.43595
-33.0105
-32.90979
-34.27497
-25.23345
-30.82845
-32.02578
-25.68105
-24.34944
-30.01158
-30.01158
-28.1988
-29.36256
-30.13467
-30.07872
-31.8915
-27.28122
-33.07764
-31.94745
-32.32791
-31.19772
-29.84373
-28.9821
-34.16307
-27.04623
-26.46435
-25.74819
-28.37784
-31.4439
-28.1988
-27.8631
-31.99221
-30.6606
-31.06344
-33.52524
-28.54569
-28.09809
-27.8631
-28.91496
-26.80005
-24.51729
-27.34836
-28.23237
-32.84265
-32.46219
-32.19363
-26.15103
-27.0798
-27.79596
-33.35739
-31.07463
-25.94961
-31.41033
-34.06236
-33.42453
-26.33007
-32.36148
-27.96381
-25.43487
-27.34836
-26.1846
-32.94336
-33.69309
-33.27906
-18.6873
-26.56506
-31.79079
-18.6873
-33.29025
-29.29542
-27.96381
-31.27605
-27.34836
-33.27906
-33.14478
-24.62919
-24.21516
-25.03203
-35.48349
-25.78176
-28.88139
-33.04407
-22.54785
-33.1224
-33.07764
-25.13274
-25.0656
-26.46435
-26.39721
-25.50201
-30.92916
-33.76023
-31.02987
-25.53558
-31.00749
-33.18954
-26.11746
-24.618
-25.81533
-31.09701
-36.79272
-32.02578
-26.12865
-30.72774
-24.38301
-27.11337
-30.86202
-32.09292
-24.18159
-29.11638
-23.66685
-26.56506
-23.56614
-23.80113
-37.24032
-24.21516
-22.30167
-40.1721
-33.52524
-33.31263
-24.93132
-28.06452
-24.99846
-31.7796
-26.90076
-23.3871
-30.79488
-30.9963
-26.1846
-30.52632
-26.93433
-33.4581
-30.07872
-30.69417
-24.24873
-31.95864
-24.65157
-31.27605
-33.65952
-26.66577
-27.04623
-24.45015
-31.09701
-25.98318
-23.0514
-28.84782
-39.70212
-39.69093
-39.93711
-22.95069
-31.37676
-35.25969
-26.66577
-23.56614
-41.08968
-33.24549
-25.64748
-27.61692
-36.1437
-24.99846
-24.41658
-31.61175
-24.85299
-28.09809
-17.93757
-32.94336
-32.09292
-32.39505
-26.26293
-26.25174
-24.38301
-31.19772
-33.65952
-33.4581
-39.59022
-30.49275
-23.63328
-31.13058
-32.37267
-40.27281
-30.62703
-27.21408
-40.6197
-39.18738
-19.71678
-32.84265
-22.81641
-22.36881
-29.8773
-20.98125
-25.0656
-29.12757
-29.94444
-33.72666
-25.19988
-33.18954
-33.17835
-33.18954
-25.71462
-38.63907
-32.46219
-33.62595
-26.76648
-24.99846
-25.88247
-22.06668
-24.55086
-26.73291
-21.9324
-24.2823
-22.16739
-40.23924
-22.88355
-23.21925
-22.67094
-20.56722
-31.16415
-22.50309
-25.13274
-38.40408
-27.28122
-40.03782
-41.47014
-42.08559
-38.37051
-24.10326
-29.8773
-23.8347
-24.58443
-29.97801
-24.38301
-30.01158
-34.34211
-25.19988
-25.19988
-24.68514
-28.74711
-24.85299
-26.1846
-23.85708
-30.52632
-23.8347
-30.213
-29.11638
-33.18954
-26.9679
-29.22828
-32.70837
-23.08497
-32.52933
-23.53257
-30.35847
-33.61476
-31.02987
-33.58119
-42.86889
-24.2823
-29.72064
-27.96381
-29.11638
-26.2965
-29.75421
-26.15103
-25.26702
-27.96381
-18.51945
-24.81942
-32.31672
-17.904
-25.91604
-32.29434
-32.29434
-23.73399
-26.83362
-33.43572
-31.99221
-31.49985
-29.35137
-21.92121
-30.17943
-31.8915
-24.7299
-33.24549
-25.23345
-24.93132
-28.71354
-22.57023
-41.63799
-19.64964
-39.3888
-42.11916
-29.64231
-27.8631
-30.89559
-28.67997
-24.70752
-24.83061
-24.81942
-23.28639
-33.17835
-26.93433
-22.10025
-43.3053
-25.64748
-29.73183
-32.42862
-32.87622
-28.71354
-25.0656
-25.0656
-21.17148
-27.14694
-26.56506
-26.83362
-25.78176
-26.11746
-42.80175
-21.85407
-22.36881
-30.82845
-30.95154
-32.16006
-24.48372
-23.8347
-21.55194
-31.63413
-31.4439
-36.07656
-29.39613
-28.6464
-32.09292
-27.79596
-34.2414
-19.81749
-23.63328
-24.81942
-21.41766
-28.99329
-42.1863
-33.49167
-31.09701
-20.2539
-41.80584
-31.72365
-31.71246
-29.66469
-41.12325
-21.88764
-26.26293
-24.41658
-28.29951
-29.16114
-29.49684
-25.09917
-24.31587
-24.65157
-27.38193
-22.67094
-30.6606
-30.14586
-27.93024
-32.32791
-20.98125
-28.50093
-27.0798
-32.59647
-30.9963
-32.5629
-31.27605
-24.13683
-26.21817
-32.96574
-20.93649
-31.81317
-22.10025
-21.58551
-28.14285
-19.50417
-21.38409
-21.20505
-43.14864
-34.08474
-24.03612
-27.34836
-24.04731
-23.56614
-23.96898
-23.66685
-30.38085
-24.60681
-23.48781
-28.40022
-29.4297
-26.86719
-41.20158
-25.16631
-25.61391
-26.56506
-26.33007
-27.0798
-26.46435
-25.30059
-26.21817
-26.59863
-28.47855
-28.36665
-27.96381
-27.65049
-28.13166
-32.49576
-28.03095
-27.24765
-24.75228
-23.18568
-24.38301
-22.84998
-24.71871
-24.618
-28.03095
-31.01868
-22.74927
-22.70451
-22.7157
-27.14694
-24.58443
-22.57023
-22.95069
-22.57023
-30.41442
-26.01675
-22.13382
-22.88355
-37.68792
-20.55603
-20.52246
-20.2539
-19.9182
-19.20204
-19.83987
-21.18267
-20.50008
-20.46651
-19.95177
-20.42175
-19.70559
-20.5896
-20.5896
-25.54677
-20.83578
-31.82436
-32.26077
-31.54461
-28.16523
-29.36256
-31.18653
-30.96273
-27.0798
-40.07139
-40.72041
-31.25367
-26.53149
-28.6464
-29.79897
-23.42067
-37.75506
-31.41033
-44.33478
-25.68105
-23.73399
-23.66685
-30.67179
-22.36881
-19.97415
-29.36256
-31.88031
-24.83061
-32.1153
-29.66469
-24.81942
-34.95756
-26.0727
-28.57926
-22.03311
-33.0105
-31.53342
-23.0514
-30.04515
-32.28315
-32.21601
-26.90076
-38.80692
-31.34319
-24.10326
-27.65049
-22.84998
-27.68406
-27.14694
-26.49792
-25.81533
-26.33007
-25.03203
-29.46327
-23.0514
-19.05657
-23.76756
-23.56614
-28.84782
-31.27605
-35.94228
-20.26509
-26.53149
-21.35052
-25.61391
-19.75035
-35.53944
-37.50888
-18.58659
-25.88247
-31.13058
-31.99221
-27.4155
-22.36881
-25.8489
-20.90292
-26.06151
-25.86009
-25.90485
-20.50008
-26.81124
-22.03311
-20.97006
-27.49383
-25.64748
-28.33308
-27.11337
-31.04106
-28.38903
-26.08389
-37.10604
-25.27821
-30.01158
-30.68298
-27.59454
-24.83061
-23.85708
-23.59971
-23.53257
-23.59971
-26.06151
-26.59863
-21.55194
-26.36364
-33.37977
-30.82845
-22.57023
-27.38193
-20.4777
-28.23237
-30.95154
-29.35137
-36.38988
-28.83663
-22.98426
-30.213
-31.81317
-21.95478
-26.33007
-27.0798
-36.35631
-30.41442
-22.50309
-27.14694
-29.66469
-26.2965
-36.65844
-29.19471
-32.0034
-32.90979
-23.499
-26.73291
-19.9182
-31.09701
-23.29758
-25.61391
-23.25282
-31.83555
-23.93541
-22.95069
-31.73484
-29.46327
-24.41658
-28.93734
-25.03203
-28.6464
-35.57301
-29.97801
-21.41766
-31.06344
-20.63436
-32.60766
-19.57131
-38.6055
-24.56205
-26.65458
-20.39937
-30.36966
-22.74927
-27.89667
-31.84674
-23.28639
-22.33524
-22.63737
-26.19579
-21.58551
-27.69525
-31.60056
-30.17943
-33.24549
-23.59971
-24.75228
-22.91712
-28.88139
-32.80908
-24.45015
-27.79596
-26.05032
-18.34041
-32.6748
-25.30059
-29.26185
-22.98426
-21.92121
-27.99738
-24.31587
-26.27412
-26.81124
-23.08497
-32.93217
-21.5967
-23.25282
-29.73183
-24.03612
-28.24356
-26.53149
-25.42368
-25.50201
-28.99329
-25.4013
-31.47747
-28.61283
-27.89667
-29.93325
-24.10326
-27.28122
-23.28639
-24.69633
-29.74302
-29.39613
-20.48889
-32.01459
-29.74302
-29.67588
-29.67588
-32.87622
-20.39937
-21.71979
-22.6038
-28.99329
-21.58551
-29.02686
-17.97114
-32.47338
-27.66168
-27.89667
-25.91604
-27.82953
-28.03095
-25.78176
-29.26185
-32.42862
-28.88139
-25.43487
-29.16114
-25.23345
-27.88548
-26.43078
-22.95069
-28.94853
-28.99329
-23.499
-32.5629
-31.98102
-26.53149
-25.03203
-28.37784
-23.81232
-22.98426
-22.36881
-27.24765
-28.51212
-28.5345
-22.98426
-30.85083
-28.03095
-29.77659
-32.28315
-26.86719
-28.71354
-22.30167
-31.26486
-27.24765
-28.63521
-28.57926
-28.57926
-36.42345
-27.96381
-27.34836
-28.67997
-27.96381
-30.9963
-27.69525
-26.83362
-26.59863
-25.03203
-27.62811
-27.96381
-27.4155
-23.63328
-26.66577
-35.64015
-26.71053
-32.16006
-24.99846
-27.04623
-27.38193
-30.38085
-27.96381
-23.76756
-28.6464
-30.31371
-30.72774
-32.97693
-27.65049
-27.54978
-27.65049
-27.56097
-21.55194
-21.71979
-24.10326
-27.79596
-29.06043
-24.68514
-21.0372
-21.31695
-27.61692
-32.54052
-20.01891
-30.59346
-25.61391
-20.5896
-26.59863
-19.75035
-27.5274
-34.37568
-34.37568
-26.87838
-24.34944
-19.64964
-26.86719
-28.71354
-32.84265
-19.72797
-25.91604
-27.54978
-26.7441
-26.12865
-27.62811
-26.73291
-32.14887
-33.2343
-28.9821
-26.7441
-23.76756
-26.6322
-23.63328
-20.11962
-26.83362
-24.01374
-29.63112
-24.06969
-25.41249
-26.6322
-22.06668
-26.16222
-24.10326
-25.64748
-19.06776
-26.22936
-21.71979
-25.64748
-22.98426
-18.25089
-31.65651
-22.54785
-21.55194
-26.09508
-21.35052
-32.60766
-26.90076
-19.68321
-25.33416
-28.47855
-26.01675
-27.39312
-24.83061
-25.36773
-24.78585
-24.96489
-27.54978
-25.13274
-27.72882
-21.31695
-25.8489
-23.0514
-27.4155
-23.84589
-23.3871
-25.41249
-24.2823
-23.70042
-25.58034
-33.6819
-36.5913
-26.90076
-24.24873
-26.49792
-25.19988
-26.09508
-25.41249
-24.14802
-24.7299
-31.94745
-24.45015
-26.35245
-30.76131
-24.99846
-28.33308
-37.57602
-24.21516
-27.38193
-32.29434
-24.55086
-21.71979
-25.41249
-24.34944
-20.73507
-21.31695
-20.97006
-20.18676
-24.62919
-25.35654
-24.10326
-25.09917
-27.35955
-25.13274
-24.74109
-24.85299
-22.98426
-25.43487
-24.48372
-24.87537
-24.5061
-25.42368
-23.80113
-24.45015
-24.38301
-24.31587
-21.61908
-25.07679
-34.14069
-24.04731
-24.93132
-24.96489
-25.27821
-19.1349
-19.54893
-24.00255
-22.13382
-19.43703
-24.96489
-21.75336
-24.94251
-27.91905
-24.11445
-30.11229
-32.60766
-30.13467
-22.23453
-25.37892
-24.70752
-25.2894
-33.35739
-32.76432
-25.33416
-25.58034
-25.35654
-30.31371
-32.39505
-23.59971
-23.31996
-25.30059
-19.73916
-25.91604
-32.97693
-31.54461
-30.22419
-30.22419
-28.70235
-26.94552
-25.74819
-25.82652
-25.8489
-23.89065
-23.9466
-23.0514
-23.8347
-24.2823
-21.95478
-25.80414
-25.8489
-25.74819
-25.14393
-24.34944
-24.2823
-24.96489
-21.88764
-20.73507
-22.30167
-22.84998
-27.48264
-27.7512
-22.98426
-22.33524
-23.0514
-34.58829
-21.78693
-26.39721
-25.64748
-27.69525
-24.38301
-23.01783
-30.52632
-19.79511
-26.44197
-26.53149
-28.41141
-26.91195
-26.90076
-22.69332
-24.21516
-23.46543
-26.34126
-25.68105
-26.81124
-30.82845
-22.53666
-24.41658
-31.7796
-32.42862
-24.24873
-28.16523
-31.51104
-29.29542
-24.89775
-27.38193
-18.22851
-18.9111
-25.71462
-27.01266
-25.54677
-21.4848
-34.53234
-23.70042
-20.32104
-26.43078
-33.98403
-29.70945
-19.68321
-24.03612
-23.53257
-22.84998
-24.30468
-29.22828
-27.60573
-23.86827
-24.79704
-23.9466
-28.91496
-29.40732
-19.16847
-25.58034
-20.45532
-27.50502
-28.41141
-26.19579
-21.85407
-25.61391
-21.8205
-26.97909
-21.78693
-31.39914
-34.20783
-27.46026
-19.75035
-22.59261
-21.65265
-30.98511
-19.43703
-27.04623
-26.49792
-24.53967
-25.36773
-23.46543
-34.00641
-20.66793
-29.36256
-20.76864
-19.88463
-21.92121
-34.30854
-19.98534
-28.99329
-24.38301
-20.2539
-23.96898
-25.54677
-30.3249
-21.95478
-26.59863
-25.88247
-19.15728
-26.49792
-21.04839
-27.93024
-28.6464
-26.67696
-21.61908
-30.58227
-28.73592
-29.02686
-32.36148
-26.59863
-31.81317
-29.08281
-31.61175
-30.213
-31.57818
-27.24765
-27.0798
-23.15211
-21.88764
-18.62016
-20.63436
-27.96381
-19.61607
-26.22936
-18.95586
-28.13166
-25.99437
-25.99437
-21.78693
-29.18352
-26.26293
-26.26293
-20.73507
-23.70042
-27.72882
-26.36364
-24.89775
-25.26702
-19.57131
-19.71678
-32.59647
-25.25583
-31.91388
-27.68406
-20.3658
-25.88247
-27.01266
-29.3178
-26.73291
-27.01266
-30.9963
-19.73916
-26.94552
-33.22311
-19.63845
-24.79704
-20.73507
-18.95586
-26.7441
-25.64748
-25.9608
-26.39721
-32.12649
-25.9608
-27.99738
-21.45123
-28.93734
-32.76432
-18.44112
-28.23237
-27.31479
-20.08605
-19.60488
-32.36148
-31.41033
-27.14694
-31.51104
-31.67889
-34.00641
-26.53149
-29.36256
-30.34728
-34.5771
-27.0798
-27.01266
-26.77767
-25.34535
-28.07571
-21.24981
-21.23862
-20.5896
-20.08605
-26.56506
-21.41766
-25.9608
-33.49167
-27.21408
-19.98534
-27.82953
-27.18051
-26.46435
-25.16631
-28.61283
-20.32104
-19.05657
-26.56506
-24.59562
-26.91195
-25.03203
-23.15211
-19.33632
-31.13058
-31.57818
-26.02794
-29.57517
-25.8489
-27.42669
-27.0798
-26.36364
-25.88247
-30.1011
-20.33223
-36.22203
-26.36364
-19.8063
-18.38517
-25.88247
-20.2539
-24.75228
-26.84481
-31.34319
-25.64748
-21.41766
-19.63845
-25.6251
-32.29434
-18.30684
-29.22828
-30.38085
-30.82845
-32.97693
-28.23237
-27.31479
-27.11337
-19.9182
-32.54052
-18.6873
-22.10025
-18.07185
-20.2539
-22.84998
-30.71655
-19.98534
-27.11337
-21.68622
-19.16847
-27.39312
-28.57926
-25.25583
-21.00363
-23.24163
-25.55796
-18.37398
-19.5825
-26.17341
-31.6677
-19.50417
-33.1224
-35.50587
-19.85106
-18.78801
-35.46111
-18.62016
-35.0247
-23.66685
-34.84566
-28.05333
-20.43294
-18.58659
-29.39613
-26.49792
-21.65265
-19.39227
-28.66878
-25.09917
-35.37159
-34.06236
-31.24248
-25.61391
-21.31695
-20.55603
-32.08173
-30.4368
-32.16006
-34.36449
-26.90076
-25.6251
-26.71053
-19.15728
-19.023
-23.08497
-27.85191
-36.55773
-28.27713
-26.87838
-23.01783
-28.24356
-20.18676
-19.68321
-29.40732
-32.49576
-40.42947
-24.31587
-24.04731
-22.68213
-37.10604
-30.8844
-21.78693
-39.2769
-40.72041
-33.89451
-20.73507
-27.11337
-19.15728
-23.25282
-19.78392
-21.75336
-18.44112
-39.70212
-20.26509
-33.25668
-19.8063
-33.24549
-18.72087
-19.85106
-35.74086
-26.86719
-20.11962
-23.59971
-36.62487
-37.83339
-22.33524
-26.78886
-34.62186
-27.09099
-36.12132
-29.4297
-26.45316
-34.97994
-23.46543
-36.37869
-29.79897
-23.37591
-36.7032
-26.83362
-19.23561
-18.65373
-39.76926
-29.28423
-31.26486
-20.7015
-28.0869
-32.77551
-22.57023
-37.64316
-24.89775
-21.35052
-33.25668
-19.43703
-18.6873
-26.59863
-19.8063
-20.01891
-24.66276
-22.58142
-26.7441
-22.18977
-24.2823
-33.71547
-28.4226
-26.2965
-38.37051
-38.57193
-35.5842
-41.88417
-19.30275
-26.36364
-20.15319
-19.40346
-19.60488
-20.7015
-28.20999
-38.80692
-31.29843
-20.55603
-20.28747
-30.01158
-27.53859
-38.33694
-34.10712
-32.64123
-19.8063
-22.03311
-37.49769
-39.59022
-19.05657
-36.08775
-32.35029
-21.51837
-31.98102
-36.00942
-24.2823
-36.73677
-20.05248
-31.332
-20.75745
-26.33007
-23.73399
-20.26509
-30.82845
-40.44066
-23.499
-31.11939
-27.14694
-39.44475
-39.82521
-19.77273
-25.9608
-22.2681
-24.69633
-20.50008
-44.52501
-23.70042
-21.0372
-41.20158
-23.15211
-24.76347
-21.38409
-23.70042
-27.93024
-23.9466
-31.25367
-41.25753
-27.49383
-18.50826
-22.88355
-39.55665
-19.63845
-21.29457
-36.4794
-39.99306
-21.8205
-35.83038
-20.60079
-30.30252
-19.26918
-41.95131
-45.47616
-33.1224
-22.63737
-29.41851
-37.20675
-34.87923
-31.332
-47.23299
-31.83555
-38.21385
-46.20351
-22.81641
-41.42538
-37.12842
-29.04924
-30.42561
-22.6038
-23.36472
-33.83856
-46.04685
-41.0673
-28.85901
-24.2823
-34.67781
-21.07077
-32.90979
-21.0372
-38.81811
-31.07463
-19.023
-23.89065
-30.76131
-19.1349
-22.44714
-26.6322
-26.12865
-28.07571
-20.66793
-18.95586
-39.60141
-21.65265
-18.58659
-25.09917
-32.19363
-21.73098
-33.21192
-29.57517
-20.53365
-18.65373
-23.56614
-43.65219
-23.96898
-26.46435
-20.50008
-21.79812
-20.52246
-23.00664
-28.83663
-22.89474
-18.95586
-23.45424
-18.78801
-25.80414
-35.2485
-30.17943
-34.3533
-31.92507
-21.65265
-33.52524
-35.95347
-24.01374
-19.09014
-36.49059
-18.45231
-29.32899
-25.78176
-23.64447
-38.00124
-33.82737
-35.74086
-28.1988
-27.37074
-25.88247
-25.09917
-26.16222
-19.6944
-27.60573
-30.22419
-42.79056
-27.82953
-38.65026
-41.91774
-23.0514
-32.80908
-31.1082
-38.47122
-20.63436
-31.37676
-22.98426
-35.49468
-33.3462
-22.7157
-35.84157
-35.20374
-32.43981
-35.53944
-42.24225
-35.20374
-33.87213
-38.42646
-42.70104
-37.95648
-31.98102
-30.82845
-36.32274
-29.50803
-40.8435
-19.10133
-23.56614
-39.71331
-30.69417
-28.17642
-33.83856
-38.53836
-35.93109
-26.65458
-19.43703
-26.16222
-25.52439
-20.66793
-20.86935
-23.53257
-32.87622
-19.36989
-32.98812
-33.97284
-19.40346
-26.67696
-38.28099
-34.97994
-31.332
-19.25799
-29.32899
-36.55773
-31.04106
-32.16006
-29.47446
-18.74325
-33.55881
-33.59238
-28.83663
-36.28917
-28.27713
-36.74796
-27.22527
-30.22419
-30.89559
-34.56591
-36.89343
-31.85793
-30.64941
-32.40624
-25.39011
-38.57193
-20.11962
-21.9324
-36.08775
-20.39937
-29.36256
-36.62487
-34.87923
-19.30275
-37.24032
-29.64231
-29.094
-26.56506
-20.55603
-27.79596
-23.7228
-22.76046
-18.96705
-37.75506
-38.77335
-35.0247
-31.56699
-39.53427
-37.24032
-32.74194
-23.20806
-31.04106
-38.4936
-31.69008
-22.32405
-19.71678
-20.3658
-27.89667
-26.06151
-42.56676
-26.46435
-35.70729
-35.05827
-39.80283
-39.25452
-26.01675
-20.63436
-30.49275
-21.89883
-34.87923
-24.34944
-29.19471
-31.14177
-21.01482
-27.24765
-24.24873
-22.23453
-33.98403
-29.02686
-18.72087
-31.00749
-38.33694
-39.53427
-31.85793
-34.82328
-31.06344
-19.23561
-28.34427
-37.20675
-27.7512
-38.21385
-39.47832
-32.51814
-19.95177
-32.74194
-19.5825
-39.2769
-32.1153
-41.68275
-39.89235
-28.94853
-24.21516
-35.808
-42.49962
-20.60079
-32.98812
-35.04708
-40.75398
-24.45015
-24.48372
-32.43981
-27.39312
-21.18267
-30.97392
-24.96489
-28.79187
-44.01027
-38.91882
-34.40925
-23.76756
-27.01266
-28.07571
-19.43703
-37.10604
-27.96381
-29.40732
-25.31178
-37.00533
-23.59971
-31.70127
-19.82868
-41.403
-37.68792
-34.62186
-27.70644
-38.30337
-30.79488
-27.69525
-30.89559
-29.55279
-27.78477
-26.94552
-37.8222
-25.13274
-24.89775
-32.6748
-27.82953
-21.11553
-26.39721
-20.43294
-20.98125
-35.87514
-19.94058
-24.83061
-31.20891
-19.78392
-27.01266
-29.094
-30.57108
-18.86634
-18.89991
-39.18738
-39.42237
-38.13552
-27.69525
-31.75722
-26.7441
-18.82158
-18.96705
-29.094
-34.34211
-33.24549
-35.18136
-35.05827
-34.94637
-34.94637
-35.04708
-35.14779
-35.28207
-35.30445
-35.25969
-35.25969
-35.25969
-35.25969
-35.33802
-35.29326
-35.48349
-35.49468
-35.52825
-35.53944
-35.29326
-35.25969
-34.78971
-34.85685
-34.9128
-34.95756
-35.03589
-35.12541
-35.15898
-35.17017
-35.2485
-35.30445
-35.32683
-35.04708
-35.0247
-35.01351
-34.99113
-34.97994
-34.95756
-34.89042
-34.84566
-34.83447
-34.83447
-34.78971
-34.77852
-34.78971
-41.33586
-26.05032
-20.64555
-19.33632
-19.95177
-22.58142
-35.97585
-20.75745
-33.91689
-28.83663
-20.43294
-26.26293
-34.64424
-33.60357
-19.52655
-21.83169
-23.29758
-21.86526
-26.71053
-42.54438
-36.83748
-31.92507
-35.60658
-38.40408
-36.75915
-28.71354
-28.85901
-27.56097
-25.82652
-26.39721
-19.54893
-27.03504
-19.57131
-36.32274
-39.51189
-36.09894
-34.81209
-24.64038
-35.09184
-37.8222
-27.18051
-36.45702
-23.10735
-34.49877
-25.0656
-32.47338
-19.60488
-22.16739
-32.29434
-39.64617
-34.34211
-27.82953
-25.33416
-28.14285
-25.90485
-35.62896
-21.79812
-30.50394
-27.94143
-24.70752
-19.54893
-34.38687
-31.95864
-27.72882
-33.22311
-26.39721
-33.32382
-22.91712
-20.76864
-24.93132
-33.22311
-30.29133
-24.18159
-25.8489
-27.67287
-35.50587
-36.28917
-23.53257
-33.06645
-30.29133
-28.07571
-24.9537
-33.72666
-26.99028
-26.45316
-23.56614
-20.18676
-26.6322
-23.00664
-24.98727
-31.49985
-24.80823
-19.33632
-25.2894
-27.35955
-23.70042
-21.41766
-26.49792
-19.78392
-25.88247
-31.34319
-28.37784
-39.25452
-39.28809
-25.99437
-27.31479
-34.85685
-32.57409
-33.18954
-27.42669
-26.46435
-19.34751
-38.78454
-31.41033
-19.06776
-33.43572
-32.60766
-21.57432
-22.64856
-27.14694
-33.40215
-19.36989
-20.07486
-31.36557
-27.28122
-35.40516
-37.0389
-33.0105
-19.04538
-35.4723
-27.31479
-21.58551
-19.61607
-26.7441
-23.91303
-26.43078
-39.73569
-29.95563
-24.04731
-28.71354
-27.24765
-31.54461
-21.65265
-22.01073
-37.35222
-35.23731
-31.27605
-28.26594
-30.42561
-20.72388
-35.37159
-19.4706
-23.76756
-36.05418
-19.36989
-33.74904
-37.4865
-28.54569
-39.25452
-33.74904
-30.78369
-25.68105
-21.02601
-32.68599
-35.9199
-26.84481
-34.33092
-30.63822
-32.28315
-29.36256
-24.41658
-26.44197
-34.97994
-41.53728
-37.00533
-34.55472
-24.30468
-31.79079
-36.02061
-30.47037
-27.98619
-33.77142
-28.95972
-34.58829
-27.7512
-25.78176
-26.84481
-19.45941
-33.2343
-32.02578
-29.74302
-33.18954
-28.70235
-28.07571
-26.91195
-20.33223
-39.20976
-26.43078
-23.00664
-39.15381
-21.1491
-20.35461
-39.56784
-33.59238
-42.36534
-37.75506
-21.49599
-34.40925
-19.79511
-35.37159
-25.87128
-19.61607
-22.48071
-20.9253
-27.96381
-37.07247
-26.56506
-34.99113
-32.90979
-38.70621
-24.21516
-20.15319
-36.80391
-25.68105
-26.53149
-28.07571
-30.97392
-29.19471
-39.73569
-26.94552
-37.13961
-43.51791
-33.0105
-31.4439
-41.77227
-36.22203
-26.12865
-28.43379
-32.84265
-40.68684
-34.62186
-28.3107
-25.54677
-26.46435
-32.12649
-20.39937
-37.99005
-36.08775
-26.67696
-38.10195
-35.88633
-26.59863
-27.5274
-32.74194
-33.9057
-36.35631
-28.89258
-22.14501
-38.53836
-20.23152
-29.22828
-27.56097
-30.6606
-29.32899
-26.36364
-27.28122
-29.81016
-34.03998
-38.06838
-39.8364
-26.26293
-30.55989
-23.36472
-32.69718
-28.34427
-31.1082
-36.2556
-28.04214
-31.95864
-39.28809
-31.69008
-37.01652
-36.27798
-21.01482
-34.58829
-37.31865
-36.63606
-34.11831
-20.23152
-36.93819
-41.91774
-37.92291
-26.43078
-34.85685
-37.2627
-37.62078
-34.82328
-22.83879
-33.08883
-42.60033
-27.72882
-36.52416
-38.7174
-33.0105
-34.86804
-33.08883
-30.29133
-41.81703
-35.808
-25.78176
-27.04623
-40.36233
-27.79596
-28.41141
-30.86202
-25.93842
-35.77443
-26.87838
-41.403
-29.67588
-30.17943
-26.06151
-22.74927
-20.9253
-21.1491
-28.20999
-30.76131
-24.18159
-36.12132
-21.54075
-31.47747
-27.56097
-22.51428
-25.0656
-22.84998
-28.44498
-22.16739
-35.41635
-22.77165
-36.15489
-29.4297
-42.60033
-27.42669
-34.689
-34.95756
-35.59539
-34.23021
-41.78346
-37.62078
-33.97284
-34.9128
-34.07355
-35.53944
-22.98426
-29.32899
-32.79789
-35.77443
-21.42885
-33.55881
-28.17642
-37.92291
-20.60079
-37.0389
-33.1224
-26.87838
-20.53365
-28.89258
-33.76023
-36.49059
-27.31479
-29.8773
-27.76239
-29.57517
-23.499
-28.24356
-27.42669
-27.47145
-31.34319
-29.5416
-38.53836
-32.5629
-27.14694
-28.24356
-32.90979
-34.14069
-25.09917
-27.5274
-33.4581
-27.0798
-31.20891
-30.25776
-27.76239
-21.69741
-28.3107
-28.92615
-21.32814
-27.46026
-27.18051
-26.84481
-31.79079
-27.3036
-26.41959
-27.89667
-28.67997
-28.47855
-36.93819
-26.84481
-34.34211
-20.80221
-28.03095
-27.8631
-27.28122
-23.01783
-32.77551
-22.55904
-26.77767
-32.87622
-37.41936
-20.84697
-31.7796
-27.28122
-27.35955
-33.9057
-34.89042
-26.77767
-23.84589
-20.4777
-37.35222
-35.84157
-27.46026
-27.82953
-27.49383
-29.23947
-27.39312
-34.1295
-32.87622
-30.82845
-37.13961
-28.0869
-22.48071
-37.20675
-33.9057
-27.81834
-36.06537
-34.40925
-29.77659
-25.36773
-34.19664
-22.72689
-27.62811
-36.02061
-35.67372
-37.67673
-28.85901
-28.47855
-32.57409
-38.93001
-32.29434
-22.81641
-27.82953
-35.60658
-27.93024
-22.31286
-31.18653
-34.34211
-30.97392
-35.49468
-31.20891
-36.55773
-34.85685
-32.38386
-32.17125
-35.23731
-33.59238
-31.4439
-36.28917
-38.98596
-35.23731
-39.97068
-30.40323
-33.48048
-32.52933
-34.07355
-36.23322
-34.42044
-28.03095
-34.74495
-34.62186
-35.40516
-35.19255
-35.4723
-37.45293
-27.12456
-28.4226
-28.41141
-34.0176
-34.21902
-28.67997
-29.94444
-36.7032
-23.98017
-34.689
-36.71439
-21.11553
-29.06043
-20.83578
-36.42345
-32.26077
-31.4439
-28.03095
-31.57818
-22.06668
-31.42152
-27.82953
-34.55472
-37.28508
-27.93024
-26.95671
-30.19062
-21.38409
-27.31479
-29.22828
-39.93711
-39.3888
-33.29025
-28.14285
-30.39204
-36.80391
-36.63606
-30.6606
-27.21408
-30.87321
-20.83578
-39.42237
-23.23044
-29.12757
-21.1491
-34.89042
-29.19471
-27.46026
-25.0656
-36.90462
-36.28917
-40.93302
-37.4865
-40.45185
-38.28099
-36.82629
-34.2414
-36.18846
-27.70644
-32.47338
-27.96381
-30.11229
-32.70837
-27.66168
-34.14069
-21.02601
-21.02601
-34.37568
-25.0656
-34.58829
-20.74626
-29.22828
-20.84697
-34.36449
-30.3249
-34.14069
-37.07247
-36.78153
-41.10087
-39.56784
-37.24032
-40.18329
-28.89258
-37.24032
-36.63606
-37.07247
-37.63197
-32.83146
-30.49275
-35.08065
-38.43765
-33.0105
-28.20999
-36.52416
-40.6197
-23.26401
-27.59454
-39.3888
-28.07571
-29.39613
-29.16114
-23.07378
-36.55773
-27.38193
-29.29542
-32.30553
-22.59261
-26.56506
-28.07571
-27.76239
-28.47855
-30.76131
-30.04515
-34.89042
-34.75614
-28.14285
-29.36256
-30.79488
-28.95972
-22.84998
-34.99113
-21.38409
-30.3249
-37.78863
-26.33007
-34.92399
-21.09315
-29.94444
-30.25776
-34.17426
-37.95648
-26.39721
-21.96597
-41.00016
-24.51729
-24.7299
-33.32382
-22.10025
-33.62595
-21.9324
-21.49599
-35.27088
-29.84373
-30.49275
-36.12132
-35.55063
-39.01953
-31.79079
-41.16801
-30.76131
-38.78454
-38.67264
-29.50803
-29.36256
-38.37051
-28.6464
-40.85469
-40.23924
-38.67264
-40.72041
-34.17426
-39.90354
-39.55665
-38.97477
-39.48951
-39.45594
-41.26872
-39.12024
-39.69093
-39.22095
-39.90354
-21.38409
-32.90979
-40.85469
-39.15381
-38.87406
-39.80283
-38.84049
-40.00425
-25.53558
-39.97068
-40.00425
-40.13853
-21.45123
-38.25861
-41.05611
-39.90354
-40.58613
-39.48951
-37.47531
-38.6055
-40.51899
-40.37352
-39.7245
-39.35523
-39.08667
-40.1721
-39.55665
-39.45594
-39.52308
-40.44066
-40.00425
-39.90354
-37.31865
-21.41766
-38.37051
-39.55665
-39.97068
-40.44066
-40.10496
-40.9554
-40.00425
-39.62379
-21.31695
-22.98426
-39.52308
-40.40709
-38.97477
-38.19147
-38.50479
-31.24248
-32.42862
-39.97068
-39.59022
-39.55665
-39.3888
-41.33586
-39.69093
-39.3888
-40.51899
-40.72041
-39.04191
-27.51621
-30.06753
-28.18761
-30.25776
-40.23924
-27.5274
-41.1792
-39.90354
-39.90354
-40.92183
-41.19039
-39.7245
-38.97477
-36.05418
-39.86997
-39.35523
-40.1721
-39.42237
-39.48951
-40.75398
-39.7245
-40.40709
-39.45594
-40.40709
-39.18738
-39.65736
-38.53836
-39.22095
-39.15381
-39.12024
-40.88826
-40.284
-38.87406
-39.65736
-39.22095
-39.32166
-38.87406
-39.28809
-32.70837
-39.3888
-39.04191
-38.63907
-35.88633
-39.7245
-40.58613
-38.53836
-42.45486
-39.59022
-38.9412
-40.9554
-39.52308
-40.68684
-39.55665
-40.68684
-39.7245
-40.98897
-28.66878
-28.71354
-39.18738
-38.53836
-39.63498
-39.12024
-39.15381
-39.25452
-39.00834
-38.87406
-39.01953
-38.87406
-41.20158
-22.10025
-40.284
-39.01953
-38.1579
-39.55665
-37.85577
-39.65736
-41.26872
-38.97477
-40.40709
-29.49684
-39.90354
-39.93711
-40.33995
-39.52308
-38.02362
-39.97068
-39.04191
-37.8222
-38.67264
-38.02362
-39.12024
-29.36256
-40.9554
-40.68684
-39.55665
-36.45702
-40.51899
-37.54245
-40.92183
-31.20891
-37.99005
-37.85577
-38.12433
-39.35523
-39.93711
-38.90763
-39.04191
-38.53836
-38.67264
-38.67264
-38.80692
-29.81016
-41.70513
-39.3888
-40.13853
-38.37051
-29.84373
-37.40817
-22.18977
-30.7725
-39.95949
-28.37784
-38.97477
-39.8364
-41.30229
-38.19147
-39.25452
-38.37051
-39.04191
-37.99005
-38.47122
-38.53836
-41.60442
-40.33995
-41.60442
-39.18738
-38.02362
-37.99005
-38.57193
-38.53836
-39.55665
-29.86611
-34.85685
-37.47531
-38.70621
-38.50479
-39.14262
-39.18738
-37.17318
-38.53836
-37.50888
-41.26872
-38.57193
-38.53836
-39.04191
-39.65736
-38.63907
-39.62379
-39.35523
-21.91002
-37.95648
-39.22095
-29.84373
-19.64964
-38.25861
-38.70621
-38.37051
-39.65736
-38.67264
-38.53836
-38.6055
-38.69502
-40.33995
-37.85577
-40.93302
-38.37051
-39.32166
-38.1579
-39.55665
-38.50479
-38.19147
-38.19147
-38.6055
-38.67264
-38.53836
-39.97068
-38.87406
-39.22095
-21.66384
-38.57193
-38.40408
-38.70621
-42.11916
-38.70621
-39.7245
-38.22504
-38.90763
-38.96358
-21.04839
-37.72149
-37.47531
-38.57193
-38.53836
-24.52848
-23.99136
-39.18738
-30.19062
-30.3249
-34.25259
-39.8364
-38.80692
-39.25452
-38.25861
-39.55665
-38.63907
-39.55665
-38.80692
-37.54245
-30.62703
-38.32575
-38.9412
-38.40408
-38.90763
-40.07139
-21.11553
-39.25452
-38.43765
-33.54762
-31.85793
-39.04191
-39.32166
-38.95239
-42.4101
-38.67264
-39.3888
-40.75398
-30.69417
-30.6606
-40.44066
-41.19039
-38.2698
-41.6268
-39.32166
-39.00834
-38.87406
-40.1721
-39.97068
-39.3888
-40.30638
-40.68684
-39.90354
-38.57193
-39.45594
-38.73978
-39.3888
-40.75398
-38.73978
-39.35523
-39.90354
-39.90354
-39.04191
-38.75097
-38.09076
-39.7245
-26.7441
-31.23129
-34.56591
-40.29519
-38.16909
-39.69093
-40.65327
-40.89945
-37.88934
-37.75506
-38.93001
-23.07378
-39.3888
-40.23924
-41.33586
-39.75807
-34.58829
-23.12973
-40.1721
-39.97068
-39.25452
-39.90354
-40.40709
-24.69633
-39.90354
-40.98897
-39.00834
-40.9554
-40.07139
-40.93302
-40.20567
-39.80283
-40.92183
-41.26872
-42.08559
-41.36943
-40.00425
-41.23515
-39.8364
-40.13853
-40.30638
-38.87406
-38.87406
-39.90354
-37.99005
-40.27281
-42.47724
-39.59022
-41.60442
-39.48951
-40.20567
-39.55665
-38.70621
-39.25452
-39.35523
-40.30638
-37.8222
-36.93819
-38.80692
-39.28809
-40.44066
-24.99846
-39.15381
-38.50479
-39.25452
-41.33586
-37.85577
-39.45594
-39.93711
-41.08968
-41.03373
-40.88826
-23.96898
-43.96551
-35.808
-41.00016
-40.65327
-39.08667
-41.19039
-41.19039
-40.51899
-40.13853
-40.13853
-38.59431
-40.82112
-40.47423
-40.23924
-40.27281
-40.20567
-38.70621
-39.7245
-41.23515
-42.08559
-39.54546
-40.20567
-40.03782
-40.68684
-39.00834
-38.29218
-37.17318
-38.50479
-43.76409
-40.23924
-38.29218
-39.45594
-40.6197
-41.05611
-41.08968
-41.63799
-43.11507
-42.66747
-37.8222
-40.98897
-39.53427
-22.23453
-39.45594
-38.1579
-41.60442
-41.30229
-39.22095
-40.6197
-21.28338
-36.02061
-40.44066
-39.22095
-40.03782
-21.32814
-30.3249
-38.53836
-41.23515
-41.70513
-40.07139
-41.23515
-40.72041
-40.12734
-40.27281
-40.1721
-39.55665
-39.3888
-38.57193
-23.91303
-37.92291
-38.70621
-27.62811
-38.9412
-38.73978
-37.99005
-40.51899
-40.03782
-39.08667
-37.47531
-40.07139
-39.55665
-40.33995
-40.55256
-39.25452
-39.3888
-41.23515
-41.53728
-39.93711
-40.27281
-40.75398
-40.23924
-39.28809
-37.50888
-44.54739
-42.48843
-37.68792
-38.09076
-39.86997
-39.8364
-29.30661
-36.5913
-38.67264
-38.87406
-38.81811
-41.02254
-40.6197
-38.19147
-38.70621
-34.03998
-26.94552
-38.87406
-38.32575
-36.65844
-39.3888
-39.42237
-40.00425
-38.90763
-40.33995
-43.48434
-41.57085
-38.87406
-38.53836
-38.32575
-37.85577
-39.22095
-40.75398
-39.59022
-39.28809
-25.47963
-37.50888
-39.15381
-42.522
-37.68792
-34.05117
-24.59562
-31.75722
-39.90354
-43.31649
-33.77142
-33.43572
-37.27389
-36.21084
-38.53836
-37.8222
-39.12024
-39.90354
-36.42345
-36.38988
-37.85577
-37.34103
-39.52308
-39.12024
-38.77335
-39.86997
-36.55773
-37.68792
-38.47122
-37.50888
-39.00834
-37.78863
-38.53836
-39.22095
-40.27281
-38.43765
-38.02362
-42.05202
-21.01482
-37.85577
-36.97176
-38.87406
-38.50479
-22.98426
-41.12325
-37.60959
-38.73978
-37.88934
-38.19147
-36.42345
-38.53836
-40.23924
-36.82629
-35.25969
-43.51791
-37.34103
-36.07656
-35.97585
-44.78238
-44.73762
-38.84049
-44.60334
-22.95069
-24.56205
-39.25452
-37.95648
-36.42345
-37.17318
-38.02362
-43.79766
-32.66361
-37.99005
-39.22095
-37.00533
-38.12433
-36.28917
-35.64015
-36.82629
-32.57409
-45.01737
-43.07031
-38.84049
-37.30746
-39.7245
-36.32274
-37.72149
-39.65736
-38.90763
-39.04191
-39.62379
-39.35523
-38.63907
-39.28809
-39.08667
-39.22095
-38.90763
-36.82629
-38.19147
-45.16284
-34.44282
-36.79272
-36.21084
-40.6197
-41.83941
-26.36364
-38.73978
-37.8222
-38.73978
-37.07247
-43.09269
-31.04106
-43.12626
-31.30962
-36.79272
-39.59022
-33.70428
-33.65952
-35.97585
-39.12024
-37.99005
-36.87105
-35.0247
-34.2414
-25.19988
-24.93132
-40.75398
-37.47531
-35.77443
-43.45077
-28.45617
-34.99113
-39.75807
-34.85685
-42.36534
-37.17318
-40.20567
-35.88633
-35.95347
-38.37051
-38.90763
-35.49468
-42.25344
-41.88417
-37.17318
-33.72666
-37.62078
-33.86094
-44.51382
-33.42453
-34.27497
-35.808
-35.09184
-34.77852
-34.06236
-36.28917
-43.40601
-35.72967
-38.20266
-36.8151
-35.4723
-26.44197
-34.92399
-36.52416
-34.40925
-22.31286
-38.87406
-38.31456
-23.54376
-25.71462
-33.86094
-39.75807
-34.27497
-34.74495
-24.38301
-27.09099
-43.21578
-38.59431
-39.86997
-35.808
-35.29326
-40.53018
-34.14069
-39.12024
-35.95347
-34.59948
-39.10905
-32.46219
-34.2414
-34.71138
-39.86997
-39.35523
-38.19147
-36.2556
-35.40516
-41.30229
-43.82004
-32.74194
-35.74086
-37.47531
-37.0389
-37.20675
-36.00942
-38.20266
-38.29218
-38.19147
-40.89945
-37.60959
-32.87622
-33.0105
-32.80908
-34.17426
-34.30854
-27.5274
-41.68275
-42.36534
-31.71246
-33.41334
-38.88525
-37.77744
-42.70104
-31.99221
-35.15898
-38.25861
-38.12433
-38.47122
-38.80692
-36.79272
-36.66963
-43.24935
-33.62595
-30.52632
-25.2894
-32.26077
-24.66276
-25.09917
-32.90979
-26.08389
-44.40192
-33.04407
-32.98812
-32.63004
-32.26077
-31.06344
-32.46219
-32.5629
-33.0105
-31.47747
-25.8489
-32.52933
-31.34319
-32.46219
-32.49576
-32.19363
-31.57818
-22.61499
-32.19363
-31.67889
-44.06622
-31.09701
-32.46219
-32.5629
-33.55881
-33.4581
-31.37676
-24.45015
-37.64316
-25.8489
-32.42862
-31.41033
-34.44282
-34.5771
-31.99221
-31.30962
-31.19772
-31.23129
-30.51513
-32.64123
-22.17858
-28.17642
-40.10496
-29.32899
-29.97801
-34.78971
-39.46713
-28.9821
-31.41033
-30.62703
-31.34319
-30.44799
-25.98318
-32.29434
-31.27605
-26.33007
-44.36835
-38.67264
-29.47446
-29.56398
-35.808
-26.59863
-42.9696
-40.78755
-25.5132
-27.44907
-29.01567
-27.24765
-41.1792
-39.82521
-30.62703
-31.88031
-42.73461
-28.81425
-45.29712
-45.29712
-28.9821
-36.52416
-28.36665
-27.35955
-28.6464
-43.58505
-27.44907
-45.36426
-32.14887
-44.15574
-43.62981
-43.61862
-25.34535
-31.17534
-25.69224
-28.13166
-27.21408
-25.46844
-42.15273
-44.6481
-42.33177
-43.01436
-30.34728
-33.80499
-27.34836
-28.9821
-26.21817
-43.93194
-26.69934
-58.6356
-31.14177
-27.96381
-24.24873
-42.21987
-26.83362
-24.51729
-33.9057
-29.8773
-27.44907
-32.84265
-28.07571
-24.89775
-25.41249
-43.80885
-27.5274
-30.69417
-45.49854
-28.54569
-45.36426
-23.85708
-41.71632
-31.48866
-39.95949
-36.07656
-33.07764
-24.21516
-27.82953
-31.19772
-41.95131
-41.64918
-30.07872
-29.84373
-34.96875
-30.81726
-30.29133
-31.08582
-26.58744
-42.44367
-30.75012
-27.82953
-29.64231
-28.71354
-27.76239
-39.8364
-30.68298
-31.02987
-29.53041
-45.35307
-29.5416
-30.29133
-24.45015
-27.56097
-39.98187
-21.58551
-28.1988
-29.08281
-21.38409
-24.08088
-24.89775
-37.72149
-40.64208
-36.927
-39.2769
-35.84157
-35.05827
-33.78261
-33.1224
-31.79079
-27.82953
-27.82953
-29.29542
-42.47724
-27.28122
-24.38301
-51.48519
-32.73075
-24.99846
-31.65651
-26.53149
-29.63112
-30.69417
-31.37676
-27.69525
-27.82953
-29.29542
-30.04515
-25.58034
-25.91604
-24.55086
-63.39135
-33.07764
-30.59346
-30.79488
-24.78585
-30.59346
-28.67997
-29.49684
-25.74819
-24.99846
-27.34836
-28.15404
-24.55086
-63.15636
-22.13382
-26.77767
-28.29951
-28.13166
-24.18159
-26.08389
-21.64146
-26.97909
-24.93132
-27.0798
-32.57409
-21.97716
-43.11507
-23.39829
-23.93541
-29.16114
-25.58034
-24.83061
-41.26872
-28.44498
-29.49684
-27.31479
-21.89883
-32.74194
-29.01567
-25.74819
-36.17727
-34.83447
-28.16523
-31.51104
-24.93132
-25.58034
-24.89775
-30.07872
-27.24765
-22.54785
-28.29951
-30.86202
-28.51212
-57.58374
-22.84998
-43.21578
-27.68406
-25.88247
-24.89775
-33.02169
-29.16114
-27.34836
-30.55989
-40.38471
-41.47014
-32.39505
-25.21107
-27.51621
-22.06668
-25.58034
-27.68406
-22.99545
-22.91712
-26.12865
-29.69826
-28.74711
-72.63429
-44.2005
-30.17943
-27.28122
-25.23345
-25.43487
-25.91604
-25.44606
-36.55773
-32.5629
-33.76023
-30.51513
-44.51382
-22.98426
-26.25174
-34.44282
-22.84998
-27.51621
-64.01799
-25.46844
-27.28122
-26.46435
-27.89667
-37.30746
-22.98426
-28.24356
-26.76648
-37.81101
-31.19772
-24.37182
-27.72882
-27.4155
-40.41828
-30.78369
-28.78068
-26.66577
-27.11337
-27.49383
-26.77767
-29.32899
-27.11337
-30.28014
-27.68406
-26.76648
-28.78068
-28.79187
-28.09809
-41.34705
-29.66469
-34.689
-22.48071
-28.81425
-27.48264
-29.97801
-28.6464
-37.4865
-29.66469
-24.40539
-44.71524
-31.37676
-26.43078
-33.52524
-32.43981
-35.6961
-33.30144
-32.86503
-31.6677
-40.35114
-36.68082
-34.99113
-38.90763
-40.9554
-37.2627
-36.28917
-36.13251
-36.91581
-37.88934
-40.29519
-28.57926
-27.61692
-26.59863
-23.59971
-24.79704
-38.03481
-35.87514
-26.02794
-29.4297
-28.29951
-38.85168
-37.75506
-36.68082
-76.47246
-26.31888
-37.49769
-38.61669
-27.01266
-28.79187
-30.38085
-29.19471
-28.33308
-78.65451
-42.42129
-34.20783
-26.93433
-24.10326
-37.46412
-25.98318
-29.53041
-27.24765
-29.57517
-27.54978
-32.39505
-30.55989
-33.92808
-27.04623
-27.05742
-30.51513
-33.80499
-30.07872
-38.67264
-45.89019
-30.17943
-32.88741
-30.01158
-45.36426
-30.59346
-22.97307
-30.62703
-25.24464
-31.99221
-24.11445
-24.48372
-35.9199
-27.54978
-28.6464
-22.87236
-24.93132
-27.11337
-35.46111
-32.74194
-30.62703
-35.57301
-39.55665
-23.0514
-69.12063
-37.8222
-44.13336
-33.11121
-34.14069
-32.90979
-51.78732
-31.7796
-32.61885
-24.7299
-28.20999
-32.16006
-38.53836
-38.53836
-40.0602
-36.15489
-31.09701
-37.17318
-37.27389
-37.85577
-37.79982
-38.21385
-38.16909
-38.40408
-39.32166
-30.31371
-25.8489
-29.29542
-37.92291
-37.24032
-33.20073
-31.09701
-43.51791
-35.87514
-38.6055
-38.85168
-37.10604
-36.13251
-34.36449
-31.20891
-38.19147
-36.80391
-37.19556
-35.96466
-39.70212
-35.18136
-41.01135
-37.72149
-34.76733
-35.88633
-36.82629
-37.3746
-32.2272
-37.3746
-37.78863
-27.88548
-36.12132
-28.54569
-37.24032
-35.87514
-37.75506
-41.00016
-36.83748
-76.5396
-42.88008
-76.49484
-32.19363
-36.927
-35.18136
-35.60658
-37.68792
-32.2272
-28.92615
-35.87514
-38.80692
-46.24827
-34.85685
-40.40709
-34.64424
-34.56591
-34.66662
-38.6055
-36.49059
-38.85168
-28.10928
-35.84157
-35.19255
-47.14347
-36.38988
-36.49059
-38.43765
-36.1437
-39.53427
-36.97176
-35.09184
-35.90871
-34.44282
-40.31757
-35.808
-34.61067
-35.39397
