98.89890414
91.80212755
88.22285481
46.44266918
72.17760094
81.06425119
86.71091481
86.74177076
44.22090149
82.76134095
96.49217975
98.37436239
97.88067566
99.23831329
100.3491056
91.12330145
86.83433861
81.74308762
83.53274395
103.9591679
101.0279223
95.10368092
82.29849872
51.53419199
76.92950516
79.18201926
99.97884173
97.04757846
88.31542245
99.33087939
98.7446272
96.76987916
104.2985744
99.97884173
81.9282247
103.0026576
104.1134436
103.8974576
70.41877058
101.3056198
100.0714077
102.1387116
71.96160448
80.50883905
96.21448021
105.1933727
82.76134095
105.2859379
112.845391
77.26892559
104.3911398
78.53403654
46.19580647
105.4093583
83.71788053
87.7600164
87.26632174
100.5342375
98.28179616
93.31405591
96.30704674
98.28179616
95.38138092
104.2985744
105.8413293
79.30544447
81.74308762
81.06425119
91.61699323
83.25503897
105.5944887
103.8357473
49.65187601
106.4892852
105.5327786
105.9956046
106.9521105
106.6435604
106.5818503
81.21853225
94.05459098
106.4892852
106.7669804
106.8595455
98.46692861
105.2550829
105.5327786
105.9338944
106.4892852
105.6561989
45.67122291
106.6127053
76.15809446
82.5762041
105.9956046
81.24938846
63.4759735
62.55026172
104.5454154
106.3350101
77.73177134
101.213054
95.84421399
106.8286905
96.27619123
96.24533572
105.7796191
105.4093583
79.08945034
82.66877253
105.4402134
105.9030394
83.71788053
49.65187601
88.5931253
87.9451518
107.3532255
98.65206102
101.7684487
107.5075005
105.0699523
98.37436239
44.40604908
114.9743642
48.81871804
115.2520558
98.22008533
102.2312773
91.24672443
81.06425119
114.6966724
107.6926303
87.88344001
107.6309204
78.3488985
86.24807534
102.8175264
48.26327881
105.7796191
99.14574717
96.12191368
104.8848217
105.4093583
101.213054
89.54965645
49.03472206
91.98726182
90.50618621
91.33929165
82.39106719
102.60154
90.8147439
91.52442605
44.22090149
71.1593313
94.33229142
102.323843
83.62531225
88.56226943
89.05596312
89.39537732
106.7669804
95.47394756
94.42485821
106.1807349
88.53141356
81.71223143
107.2298056
89.11767481
103.8357473
91.5861375
98.09666365
90.25933995
90.90731118
45.97980153
91.7095604
105.9030394
100.9353564
71.1593313
47.86212797
99.42344548
50.33074468
93.77689042
105.4402134
99.14574717
100.1639737
86.83433861
91.64784895
88.90168388
85.41496349
85.01383518
91.12330145
92.32667451
91.12330145
81.65051905
83.1316145
79.39801336
90.0124936
90.72217661
90.35190731
55.11366335
49.46672988
91.74041612
86.80348266
90.78388814
105.9956046
105.9956046
103.3112094
101.5833172
105.3476481
101.4907514
98.92975953
98.09666365
94.23972462
49.65187601
59.71140416
70.72733765
72.70216347
46.84382089
88.09943126
110.4078625
111.7346196
105.1008074
48.26327881
88.71654875
85.22982738
45.60950717
89.82735878
91.0307342
76.21980735
84.76698687
87.17375395
83.59445615
81.80479998
78.16376042
84.73613083
81.24938846
83.1316145
81.65051905
85.97037151
101.0587775
90.0742052
91.98726182
96.30704674
108.4331493
77.91690955
95.93678057
88.77826047
95.56651419
100.5033822
60.94569155
99.42344548
88.83997218
96.43046875
89.79650297
95.28881426
91.24672443
94.60999174
104.1134436
93.00549938
81.58880667
83.81044881
78.53403654
60.5445484
102.6941056
90.59875353
93.22148896
91.24672443
114.5732538
82.66877253
111.4569265
102.0461459
83.81044881
111.1792332
108.6182789
107.2298056
99.70114366
102.2312773
110.2227334
89.82735878
107.2915155
106.9829655
110.9632495
94.88769195
96.49217975
107.2915155
105.1933727
69.46221176
96.58474623
88.5931253
55.39138014
83.44017564
74.36841817
78.99688141
79.7682888
78.16376042
69.40049824
71.7764646
76.80607951
79.49058224
84.82869896
92.20325174
84.27328998
114.4498352
89.271954
89.271954
84.27328998
82.29849872
82.76134095
86.09379545
100.2565397
99.42344548
92.54266432
103.8357473
108.3405845
113.6167589
91.98726182
95.1962476
82.66877253
69.27707118
53.04621243
71.19018798
70.60391084
101.8610144
98.92975953
95.41223647
82.94647775
69.89420624
90.93816694
94.1163022
87.66744868
85.32239544
81.46538189
69.83249276
101.3981856
114.1721432
70.63476754
85.19897135
46.8746787
100.2565397
93.59175666
59.06340235
108.5257141
103.5580508
82.5762041
84.82869896
107.6926303
82.20593023
99.36173475
97.04757846
92.17239604
91.5861375
90.59875353
87.9451518
83.62531225
81.46538189
88.40799008
90.38276309
86.34064326
83.90301707
81.83565617
91.52442605
75.78781701
74.15242243
73.25758217
71.37532802
106.7669804
80.94082631
110.500427
105.2550829
109.852475
101.6758829
100.9045011
87.17375395
97.26356673
107.5692104
107.4149355
107.4457905
97.17100034
100.1639737
47.95470126
94.51742498
81.9282247
84.64356268
87.85258411
94.98025866
97.04757846
98.96061491
99.14574717
50.05302576
103.3729198
68.32051071
69.55478203
94.23972462
75.13983096
81.65051905
82.4527795
80.2311328
83.81044881
81.46538189
78.71917453
85.01383518
74.58441384
77.5157767
96.30704674
61.2234059
102.6323952
76.74436668
91.12330145
79.95342644
71.68389464
80.78654517
99.88627572
76.37408955
81.71223143
74.12156589
97.26356673
100.2565397
104.3911398
92.88207673
102.1387116
94.33229142
100.0714077
52.49077675
96.86244561
94.14715781
102.0152907
98.37436239
87.7600164
84.73613083
84.73613083
56.44053143
97.17100034
81.55795048
79.12030665
84.92126708
94.88769195
97.44869947
90.93816694
91.27758017
81.9282247
97.91153109
79.18201926
77.70091497
93.12892201
100.4725269
101.8301592
100.8119352
105.2242278
68.65993555
99.20745792
89.73479135
70.264487
103.4963405
85.69266756
85.10640327
102.7866712
97.54126582
87.4823132
69.8633495
96.02934713
87.4823132
94.98025866
79.86085762
91.12330145
83.25503897
87.38974544
82.5762041
81.24938846
81.37281329
99.97884173
98.65206102
94.98025866
67.91937203
86.15550741
88.87082803
102.0461459
101.5524619
102.4164087
96.98586752
89.91992619
73.72043073
87.7600164
84.64356268
99.70114366
82.02079323
75.66439114
76.80607951
93.86945729
80.32370156
67.70337418
99.05318105
68.28965389
94.98025866
73.93642661
67.24052141
68.65993555
76.34323311
67.91937203
78.22547312
99.88627572
50.33074468
89.271954
84.08815355
68.75250593
68.41308114
88.31542245
68.65993555
82.2367864
79.08945034
76.03466867
71.59132467
70.60391084
69.67820903
84.1498657
71.37532802
85.78523555
90.66046507
93.49918975
98.00409738
83.81044881
88.77826047
77.29978198
62.21083374
56.68739031
65.72853343
94.14715781
87.7600164
74.02899626
77.73177134
67.3948057
68.10451299
75.10897446
77.60834584
67.7959447
66.65424077
81.9282247
82.5762041
89.54965645
72.67130686
70.23363027
68.38222433
72.79473329
77.79348408
83.25503897
83.16247062
60.39026251
82.85390936
58.01425523
67.24052141
69.49306852
68.19708345
91.61699323
49.3741568
70.72733765
95.47394756
92.63523136
73.44272163
66.77766831
82.20593023
46.53524267
69.70906578
85.22982738
68.75250593
67.73423102
59.06340235
51.65762236
98.37436239
78.90431246
87.85258411
78.62660554
95.84421399
97.63383215
98.00409738
90.47533043
89.36452149
75.72610408
84.82869896
74.86212246
84.64356268
83.8413049
82.20593023
92.72779838
93.83860167
100.0714077
76.83693593
53.41650262
81.83565617
78.6883182
58.04511252
94.39400261
96.1836247
63.78454381
53.7867926
66.74681143
85.10640327
72.42445395
92.23410743
72.20845757
78.44146753
67.8885152
81.74308762
79.67571996
61.40854873
75.23240043
72.97987288
67.73423102
69.21535764
81.03339497
87.4823132
45.30092838
74.55355732
52.95363985
82.82305322
93.40662284
76.15809446
78.16376042
94.42485821
75.72610408
91.55528178
98.55949482
74.89297896
66.68509766
94.98025866
93.00549938
75.91124285
59.49540363
91.52442605
62.3651192
66.77766831
46.19580647
84.73613083
79.18201926
81.86651235
67.48737626
61.90226269
81.74308762
79.95342644
64.89539572
68.47479475
64.61768292
81.9282247
67.08623708
67.85765837
67.48737626
67.57994681
67.6416605
81.15681983
94.14715781
47.39926131
91.37014738
93.53004539
93.22148896
97.07843393
75.91124285
93.68432355
89.54965645
75.32496989
80.97168253
56.2553872
90.19762837
69.27707118
68.28965389
68.01194252
67.67251734
65.79024729
91.43185885
64.86453875
67.42566256
67.76508786
66.83938208
90.22848416
72.70216347
84.82869896
87.72916049
91.49357032
92.17239604
89.91992619
64.15482799
90.29019574
89.70393553
50.48503292
87.72916049
86.8960505
71.37532802
90.75303237
74.86212246
77.94776591
62.73540418
67.51823311
67.51823311
78.62660554
72.88730309
79.08945034
70.54219743
90.38276309
82.5762041
81.71223143
80.29284531
83.59445615
91.67870467
90.56789776
69.95591971
93.28320026
91.86383898
91.12330145
75.04726147
47.67698134
78.78088718
67.3948057
69.030217
68.93764666
91.0307342
81.37281329
67.70337418
83.44017564
92.72779838
92.63523136
94.23972462
93.28320026
79.64486368
88.77826047
92.07982894
85.93951552
91.86383898
68.10451299
68.19708345
69.12278733
68.04279934
66.87023896
69.61649553
68.01194252
68.93764666
52.67592203
46.47352701
92.26496313
92.72779838
80.41627031
82.08250557
91.49357032
84.82869896
84.27328998
82.48363565
91.5861375
77.79348408
67.98108569
66.3148149
82.29849872
80.69397648
92.45009727
79.49058224
68.38222433
85.56924354
72.5170238
92.45009727
65.08053753
95.25795871
95.72079187
77.1146436
89.05596312
46.81296307
90.84559966
87.08118615
90.75303237
72.0541744
67.91937203
80.87911386
91.95640611
91.67870467
87.08118615
74.0598528
91.1541572
92.45009727
90.19762837
63.29083125
93.56090102
53.23135755
68.19708345
79.39801336
83.96472923
85.29153942
83.50188785
69.58563878
83.90301707
75.04726147
70.17191683
89.17938649
76.46665885
90.19762837
94.14715781
93.65346792
63.01311777
94.79512523
84.55099453
92.82036539
92.54266432
90.38276309
90.38276309
89.24109816
86.52577906
82.94647775
88.00686359
70.17191683
88.31542245
82.20593023
90.19762837
89.42623315
92.17239604
90.84559966
93.37576719
93.65346792
85.01383518
91.86383898
85.38410747
68.10451299
71.7764646
83.22418286
72.33188408
91.40100312
87.35888952
76.55922814
87.17375395
87.26632174
85.66181155
84.55099453
83.03904613
74.27584857
69.89420624
89.17938649
68.01194252
83.81044881
90.56789776
49.96045276
93.12892201
93.31405591
79.08945034
84.05729747
95.44309201
85.10640327
83.03904613
68.35136752
77.5157767
76.18895091
85.19897135
59.06340235
68.65993555
65.94453193
70.17191683
95.62822526
96.30704674
84.05729747
65.913675
96.76987916
94.20886902
68.10451299
67.48737626
91.67870467
96.49217975
94.1163022
94.23972462
75.81867347
78.8117435
66.65424077
88.00686359
92.54266432
93.09806635
92.26496313
95.35052537
68.81421951
88.68569289
68.8450763
82.76134095
82.82305322
93.59175666
68.38222433
89.36452149
89.79650297
68.47479475
92.82036539
68.01194252
90.56789776
85.66181155
67.6416605
72.5170238
92.88207673
72.1467443
93.83860167
91.95640611
84.05729747
69.92506298
68.8450763
98.00409738
91.12330145
88.03771948
89.54965645
70.54219743
85.56924354
84.36585818
54.74337411
71.22104466
77.85519682
94.36314702
91.24672443
74.95469197
55.94681338
96.86244561
83.71788053
77.76262771
97.44869947
99.76285435
97.32527764
91.24672443
69.77077927
64.58682593
50.51589057
94.33229142
94.67170291
68.19708345
91.61699323
91.77127183
95.25795871
94.70255849
83.03904613
69.61649553
97.04757846
82.85390936
96.30704674
63.29083125
93.7460348
80.32370156
93.7460348
95.81335846
91.43185885
86.24807534
99.57772226
70.9741912
98.18922991
90.32105152
91.80212755
94.98025866
69.95591971
75.63353467
81.15681983
87.17375395
74.30670511
73.93642661
75.23240043
89.79650297
97.60297671
87.38974544
86.24807534
83.22418286
73.75128729
80.2311328
90.19762837
74.64612688
81.37281329
97.32527764
84.64356268
65.79024729
67.85765837
71.00504789
68.81421951
100.1639737
93.83860167
69.8633495
66.5308132
64.43254098
81.37281329
83.81044881
95.44309201
61.99483402
96.39961325
97.32527764
99.67028831
74.95469197
64.6485399
80.13856403
71.46789802
64.8028248
64.43254098
64.06225696
101.7375934
100.3491056
65.66681956
93.68432355
98.09666365
101.5524619
69.95591971
69.40049824
99.67028831
92.07982894
65.85196115
93.09806635
100.5342375
88.87082803
85.56924354
95.25795871
83.06990226
95.72079187
83.34760731
85.10640327
85.32239544
101.2747645
101.8301592
98.92975953
97.32527764
100.1639737
97.88067566
102.323843
86.61834694
80.78654517
97.69554304
99.20745792
98.09666365
72.42445395
77.36149476
99.20745792
69.95591971
79.67571996
71.09761794
70.17191683
87.17375395
71.96160448
85.32239544
70.91247782
103.7123266
103.7123266
85.16811533
84.92126708
83.90301707
103.4346301
102.8792368
63.38340238
70.81990774
98.65206102
95.35052537
69.61649553
89.88907039
93.93116853
89.67307972
96.49217975
69.95591971
99.30002402
92.45009727
105.2859379
59.15597408
99.51601155
100.1639737
106.3658651
104.6688359
99.57772226
103.9283127
84.18072177
77.73177134
77.60834584
63.38340238
100.1639737
76.65179742
77.02207439
100.6268034
97.23271126
97.23271126
70.04848991
85.87780354
88.13028715
96.30704674
83.34760731
70.51134072
95.62822526
58.87825887
106.1807349
90.72217661
106.1807349
70.60391084
70.32620043
107.3840805
105.316793
85.53838753
105.2242278
84.27328998
98.18922991
105.0390972
104.4837052
80.60140777
63.75368678
103.6197612
98.00409738
86.52577906
81.74308762
69.67820903
72.67130686
69.67820903
71.09761794
71.59132467
104.2985744
93.46833411
98.09666365
95.81335846
100.6268034
95.07282536
95.25795871
74.86212246
70.78905105
80.41627031
67.24052141
71.46789802
98.00409738
88.77826047
87.85258411
86.8960505
97.14014487
64.40168399
97.88067566
64.61768292
65.54339181
64.03139995
100.997067
97.23271126
91.95640611
85.32239544
77.85519682
103.064368
95.35052537
94.42485821
66.59252699
96.30704674
101.9535802
69.49306852
101.4598961
86.80348266
86.52577906
94.88769195
100.9045011
99.1148918
90.19762837
97.88067566
81.24938846
107.5692104
89.05596312
79.83000135
62.64283295
62.73540418
64.278256
64.86453875
95.44309201
96.39961325
78.53403654
88.09943126
68.10451299
64.95710966
97.41784401
100.4416716
92.54266432
67.05538021
67.8885152
106.4275752
103.9283127
70.72733765
70.23363027
85.10640327
82.08250557
81.43452569
71.93074784
102.323843
80.20027654
79.08945034
79.45972595
81.34195708
94.98025866
78.8117435
96.6773127
97.14014487
95.25795871
94.98025866
95.81335846
95.07282536
94.51742498
95.16539204
100.4416716
98.7446272
97.88067566
78.99688141
95.16539204
91.0307342
79.36715707
100.7193693
88.68569289
71.74560795
113.5241948
67.82680153
86.86519456
89.36452149
89.24109816
80.69397648
85.10640327
114.2647072
79.45972595
86.06293946
72.30102745
80.50883905
86.03208348
87.08118615
79.73743252
110.315298
88.87082803
110.3461528
87.85258411
101.5524619
80.10770776
86.24807534
96.02934713
84.1498657
92.3575302
64.247399
103.1569335
70.04848991
87.20460988
81.34195708
68.53650835
70.1410601
91.61699323
75.04726147
71.56046801
77.29978198
77.67005859
73.53529134
94.14715781
82.39106719
86.71091481
101.0279223
77.42320754
71.00504789
81.49623809
81.34195708
90.29019574
86.43321117
91.7095604
63.38340238
99.45430084
83.3167512
80.78654517
93.83860167
86.98861833
80.41627031
84.64356268
88.09943126
79.92257017
80.20027654
81.98993705
82.29849872
93.00549938
81.71223143
92.82036539
89.17938649
91.24672443
80.41627031
91.67870467
47.73869689
89.73479135
95.72079187
98.83719337
99.02232567
67.42566256
68.25879708
70.32620043
69.77077927
73.53529134
82.39106719
101.4598961
111.3335073
97.60297671
98.37436239
74.02899626
72.0541744
69.92506298
73.75128729
98.09666365
88.87082803
95.25795871
95.35052537
93.93116853
62.51940463
82.76134095
94.23972462
93.65346792
100.5342375
91.5861375
93.86945729
96.76987916
82.76134095
87.9142959
87.23546581
87.9142959
87.29717767
80.87911386
67.42566256
89.36452149
94.98025866
93.93116853
95.07282536
90.38276309
92.3575302
110.8706851
94.94940309
91.89469469
85.01383518
91.30843591
63.1982601
93.31405591
64.00054294
63.35254534
107.1063856
89.39537732
66.83938208
65.75939036
64.71025387
66.68509766
83.22418286
70.60391084
69.36964148
67.67251734
67.98108569
71.65303799
72.60959364
72.11588767
80.10770776
80.97168253
75.88038639
84.64356268
85.56924354
88.68569289
85.93951552
78.44146753
90.38276309
82.29849872
71.93074784
77.76262771
74.18327896
68.28965389
81.80479998
55.02109106
97.23271126
87.85258411
91.67870467
94.51742498
110.6238464
60.45197687
95.35052537
88.34627833
105.9030394
88.00686359
91.43185885
101.8301592
61.68626288
114.3572712
88.40799008
93.83860167
93.40662284
93.40662284
104.4837052
62.73540418
95.62822526
87.26632174
66.68509766
68.8450763
67.14795082
95.07282536
67.8885152
69.95591971
94.05459098
68.93764666
78.31804216
86.71091481
86.77262671
96.30704674
96.49217975
93.00549938
93.09806635
91.95640611
94.33229142
95.62822526
89.54965645
96.39961325
97.14014487
89.51880062
68.65993555
94.79512523
88.77826047
85.75437955
88.40799008
92.26496313
83.65616834
75.44839582
95.53565864
88.22285481
95.38138092
101.2747645
91.30843591
93.40662284
112.0123126
99.51601155
75.23240043
107.1063856
92.45009727
62.61197587
101.3673303
87.7600164
67.30223513
74.18327896
93.86945729
71.37532802
67.98108569
72.02331776
72.70216347
70.81990774
75.23240043
76.25066379
85.38410747
83.03904613
87.72916049
89.14853065
86.52577906
90.66046507
86.06293946
93.12892201
96.39961325
68.53650835
98.46692861
92.82036539
98.28179616
94.98025866
92.72779838
95.07282536
109.5439262
97.23271126
109.9450396
92.45009727
66.3765287
70.04848991
96.02934713
87.54402503
106.6435604
96.58474623
95.1962476
67.42566256
63.56854461
63.84625785
63.75368678
62.42683338
64.12397098
94.33229142
62.92054658
64.8028248
64.40168399
65.08053753
65.82110422
65.26567928
102.7866712
66.4690994
66.4690994
66.87023896
67.42566256
67.7959447
68.16622663
68.53650835
70.23363027
69.58563878
74.18327896
72.39359732
70.04848991
72.5170238
71.74560795
70.81990774
73.99813971
72.79473329
71.00504789
73.25758217
75.69524761
75.88038639
70.41877058
97.69554304
96.12191368
97.14014487
93.09806635
70.48048401
94.88769195
84.36585818
93.83860167
66.59252699
99.20745792
97.88067566
62.92054658
63.29083125
62.73540418
62.82797539
62.33426211
96.76987916
63.75368678
63.4759735
63.38340238
63.01311777
109.2662321
96.12191368
88.87082803
87.8217282
95.16539204
92.82036539
70.60391084
93.49918975
62.61197587
99.57772226
71.46789802
94.14715781
90.38276309
63.01311777
64.40168399
104.9465319
62.92054658
63.1982601
69.030217
93.09806635
72.30102745
74.86212246
83.40931953
79.83000135
88.50055769
90.75303237
67.70337418
78.13290406
95.81335846
73.25758217
70.81990774
81.34195708
61.50112012
81.98993705
83.96472923
95.1962476
94.88769195
89.45708898
95.44309201
95.81335846
95.84421399
62.24169083
62.73540418
63.1982601
63.10568894
63.01311777
63.1982601
63.01311777
63.38340238
63.01311777
63.10568894
103.5271957
99.63943296
69.95591971
95.07282536
99.76285435
94.57913616
62.61197587
63.01311777
93.65346792
73.99813971
95.28881426
68.53650835
96.76987916
62.33426211
62.61197587
100.997067
62.42683338
89.6422239
62.61197587
63.29083125
63.1982601
62.82797539
103.2494991
81.46538189
98.55949482
92.04897323
87.54402503
93.93116853
92.54266432
84.36585818
88.40799008
93.86945729
66.19138726
93.83860167
66.56167009
91.95640611
91.77127183
94.79512523
67.70337418
67.70337418
97.54126582
101.2747645
102.9718024
62.92054658
62.82797539
66.93195272
66.56167009
96.95501204
63.84625785
63.38340238
86.12465143
77.1146436
65.54339181
95.10368092
98.28179616
90.47533043
97.3561331
63.1982601
94.79512523
63.87711487
94.88769195
95.53565864
95.72079187
100.8119352
63.10568894
64.15482799
95.44309201
104.0208782
96.49217975
99.1148918
101.5524619
100.6268034
101.1821987
95.6590808
75.41753934
61.96397691
61.77883424
62.05654823
62.14911954
62.33426211
62.82797539
98.4052178
62.45769047
94.98025866
90.56789776
63.10568894
62.51940463
63.01311777
64.40168399
63.1982601
63.10568894
96.09105816
62.45769047
63.35254534
62.05654823
73.8130004
90.19762837
85.78523555
81.21853225
78.25632947
75.81867347
78.31804216
89.14853065
90.93816694
71.28275801
64.03139995
67.42566256
94.33229142
65.35825013
87.72916049
95.25795871
95.81335846
99.60857761
95.72079187
89.05596312
62.73540418
71.09761794
102.1387116
74.86212246
71.28275801
96.30704674
99.85542038
94.88769195
106.5509953
91.30843591
91.21586869
81.15681983
91.95640611
98.99147029
65.94453193
75.51010878
50.97875505
89.82735878
77.88605319
97.32527764
98.83719337
61.77883424
62.51940463
62.24169083
91.40100312
61.77883424
62.73540418
99.1148918
63.56854461
84.73613083
63.10568894
63.93882891
63.4759735
63.93882891
62.33426211
61.59369151
62.33426211
91.7095604
84.36585818
89.79650297
91.40100312
76.65179742
65.72853343
66.56167009
67.61080365
98.7446272
104.2985744
87.9142959
103.1569335
104.4837052
96.6773127
104.6688359
69.21535764
98.28179616
75.88038639
64.03139995
95.90592504
105.0390972
62.42683338
104.1134436
73.195869
77.79348408
98.00409738
97.32527764
95.90592504
108.988538
106.3658651
94.88769195
105.1316625
60.85312008
93.22148896
73.93642661
73.16501242
73.90557006
96.95501204
92.26496313
87.29717767
99.02232567
97.14014487
67.42566256
98.55949482
62.33426211
62.33426211
111.9197483
62.14911954
63.38340238
63.38340238
91.74041612
65.41996403
64.61768292
64.278256
63.2599742
62.5811188
62.42683338
61.03826301
61.03826301
71.46789802
62.24169083
60.76054859
91.1541572
89.6422239
96.6773127
80.87911386
78.90431246
97.63383215
96.76987916
89.79650297
69.55478203
67.14795082
65.66681956
88.00686359
72.60959364
94.79512523
61.13083446
99.85542038
60.94569155
80.69397648
104.2985744
59.89654741
86.12465143
106.6435604
63.10568894
111.3335073
62.42683338
107.4766455
81.52709428
106.8595455
111.4569265
103.7431818
99.48515619
91.21586869
117.3501668
75.6026782
98.83719337
62.51940463
61.68626288
61.68626288
62.33426211
63.10568894
62.42683338
62.05654823
63.10568894
62.08740534
61.13083446
61.50112012
65.17310841
66.4999563
89.05596312
95.1962476
99.42344548
85.01383518
89.79650297
78.31804216
92.45009727
65.63596263
96.39961325
66.56167009
67.33309199
72.20845757
63.56854461
103.5271957
115.4988928
84.36585818
98.18922991
82.5762041
95.84421399
61.03826301
60.5445484
109.5439262
87.9142959
96.58474623
101.1821987
96.86244561
98.65206102
49.00386434
100.0714077
114.9435095
114.9126549
114.5423992
87.85258411
76.55922814
62.33426211
62.14911954
62.33426211
84.1498657
97.14014487
99.7937097
101.2747645
82.29849872
48.35585205
63.29083125
100.2565397
61.50112012
119.5408343
99.20745792
102.4164087
96.86244561
98.55949482
99.57772226
60.45197687
62.42683338
103.3420646
102.1387116
99.67028831
63.1982601
99.60857761
61.87140558
62.24169083
63.75368678
62.24169083
88.09943126
88.40799008
64.49425497
63.75368678
64.98796663
65.08053753
64.309113
64.12397098
82.76134095
65.54339181
98.06580823
75.97295576
77.48492031
67.61080365
99.88627572
61.50112012
62.92054658
82.20593023
99.23831329
99.97884173
91.5861375
62.24169083
62.24169083
62.92054658
62.61197587
62.42683338
63.1982601
101.1821987
99.1148918
100.5342375
62.61197587
60.76054859
59.89654741
60.76054859
63.75368678
60.94569155
60.1742622
59.71140416
88.40799008
85.10640327
99.20745792
101.3673303
60.63711992
73.35015191
71.8381779
75.04726147
62.51940463
86.71091481
100.0714077
48.41756753
100.0405524
102.1387116
105.9030394
60.35940533
61.59369151
93.7460348
109.1736674
65.17310841
94.60999174
100.4416716
102.5089743
62.33426211
91.0307342
93.96202414
61.59369151
62.05654823
99.39259011
88.31542245
101.9535802
64.12397098
95.93678057
65.08053753
64.58682593
64.8028248
64.8028248
79.08945034
76.46665885
64.8028248
65.35825013
66.19138726
69.40049824
67.70337418
65.26567928
101.9535802
73.8130004
100.997067
67.14795082
62.73540418
85.56924354
99.76285435
101.3981856
62.33426211
93.65346792
62.42683338
62.51940463
62.92054658
62.73540418
63.1982601
62.82797539
63.1982601
60.63711992
96.86244561
58.01425523
99.76285435
59.24854579
86.09379545
88.77826047
101.4598961
93.22148896
57.82911145
102.4164087
61.59369151
59.71140416
60.35940533
84.73613083
59.71140416
101.3673303
101.6450277
61.68626288
72.11588767
63.01311777
89.14853065
62.14911954
88.31542245
61.13083446
62.42683338
62.92054658
62.42683338
89.33366566
63.01311777
102.60154
60.85312008
63.01311777
64.03139995
64.98796663
63.75368678
64.40168399
64.8028248
65.35825013
97.63383215
63.38340238
64.58682593
64.98796663
63.01311777
65.26567928
73.53529134
82.48363565
65.35825013
68.16622663
101.1821987
60.1742622
59.71140416
58.7856871
105.2242278
81.61966286
91.40100312
103.6506163
102.7866712
74.86212246
84.82869896
59.89654741
78.71917453
73.25758217
77.02207439
62.33426211
63.01311777
58.29197081
74.86212246
98.46692861
102.4164087
60.85312008
100.0714077
102.60154
105.1316625
64.8028248
93.19063331
88.87082803
62.92054658
77.48492031
59.71140416
62.42683338
63.38340238
64.49425497
64.40168399
63.93882891
64.58682593
64.71025387
62.05654823
63.75368678
65.26567928
64.71025387
64.89539572
69.49306852
74.27584857
66.4690994
68.65993555
69.12278733
64.98796663
93.56090102
101.0896328
104.9465319
61.77883424
59.15597408
59.15597408
59.24854579
93.56090102
102.323843
103.7123266
102.60154
103.2494991
101.8301592
105.2550829
100.6268034
72.39359732
79.73743252
69.21535764
104.2985744
62.14911954
62.24169083
60.63711992
61.77883424
62.27254793
101.0896328
107.4766455
59.15597408
61.2234059
64.71025387
62.51940463
62.82797539
63.38340238
59.80397579
63.38340238
59.834833
98.46692861
87.9142959
91.12330145
89.79650297
64.309113
82.5762041
64.98796663
81.71223143
64.98796663
64.71025387
64.71025387
64.309113
64.71025387
65.35825013
59.61883251
59.15597408
64.40168399
86.98861833
63.4759735
63.56854461
59.15597408
58.7856871
69.030217
101.213054
99.30002402
94.33229142
61.31597732
60.85312008
75.04726147
73.07244265
52.67592203
73.62786104
101.4907514
58.7856871
96.12191368
93.86945729
103.8357473
104.8539666
99.30002402
84.92126708
90.75303237
90.75303237
59.71140416
58.7856871
102.4164087
91.86383898
59.89654741
88.40799008
89.02510728
58.7856871
91.30843591
59.34111749
62.39597629
59.834833
89.14853065
63.4759735
63.38340238
62.61197587
62.92054658
85.10640327
63.4759735
63.75368678
80.41627031
64.49425497
79.08945034
64.309113
110.9632495
65.63596263
65.63596263
64.49425497
65.26567928
84.27328998
80.38541406
78.16376042
75.32496989
73.38100848
77.2072128
72.42445395
67.14795082
65.35825013
64.52511196
64.52511196
64.58682593
77.1146436
64.8028248
75.97295576
71.28275801
65.35825013
97.01672299
89.42623315
66.09881652
62.14911954
102.323843
104.206009
61.37769159
62.3651192
64.309113
98.83719337
65.41996403
107.3223705
127.1618325
67.61080365
61.87140558
69.030217
78.22547312
59.71140416
103.2494991
98.7446272
84.55099453
66.68509766
65.63596263
74.27584857
106.8595455
113.184793
105.5944887
102.7866712
60.85312008
107.9086151
60.14340501
60.08169062
99.88627572
86.52577906
63.84625785
65.35825013
84.55099453
117.1033305
82.66877253
101.2747645
97.60297671
105.9956046
61.31597732
65.35825013
81.34195708
64.58682593
64.309113
110.0376042
66.68509766
63.93882891
64.12397098
63.4759735
99.02232567
104.0208782
101.5524619
63.29083125
64.216542
62.61197587
63.10568894
61.96397691
62.61197587
63.4759735
59.61883251
86.61834694
50.05302576
86.52577906
61.68626288
63.4759735
105.6253438
96.58474623
91.0307342
49.3741568
101.4598961
66.19138726
64.03139995
92.54266432
88.40799008
107.2915155
99.1148918
63.4759735
103.8357473
89.88907039
99.57772226
73.35015191
80.87911386
96.12191368
102.5089743
85.56924354
108.4331493
86.61834694
76.55922814
105.0699523
110.9015399
108.1554548
106.5509953
93.09806635
83.59445615
64.49425497
64.216542
64.12397098
98.46692861
64.98796663
104.0208782
106.5201403
112.9996646
63.75368678
63.6611157
63.4759735
63.01311777
106.4584302
62.73540418
63.4759735
63.29083125
106.1807349
62.51940463
62.92054658
103.8357473
97.29442219
74.67698339
62.05654823
62.51940463
105.1008074
93.90031291
88.40799008
97.41784401
87.8217282
90.29019574
61.59369151
98.7446272
89.42623315
95.72079187
116.1468393
100.6268034
89.33366566
58.41539992
57.15025047
90.56789776
100.5342375
106.4892852
58.7856871
99.1148918
65.72853343
102.8792368
79.36715707
90.29019574
84.92126708
105.6870539
102.5089743
87.45145728
105.9956046
92.72779838
103.5271957
78.31804216
91.49357032
87.54402503
106.2733
88.22285481
84.05729747
84.45842636
95.81335846
101.8301592
66.4690994
88.00686359
65.45082098
64.49425497
64.216542
65.913675
64.03139995
63.4759735
63.84625785
63.84625785
78.71917453
97.63383215
69.64735228
63.56854461
63.01311777
63.38340238
82.94647775
62.82797539
62.92054658
62.33426211
63.29083125
62.92054658
62.24169083
61.59369151
102.2929878
96.12191368
106.1807349
88.40799008
110.9941043
88.5931253
99.57772226
100.9045011
87.9142959
87.85258411
87.8217282
103.1569335
104.7614013
61.40854873
91.40100312
78.41061119
92.07982894
84.92126708
91.95640611
79.27458817
99.67028831
78.62660554
91.21586869
87.45145728
103.1569335
100.9353564
74.58441384
62.82797539
80.41627031
83.22418286
65.08053753
98.65206102
87.35888952
73.8130004
98.18922991
102.0461459
99.60857761
103.7431818
102.0461459
98.96061491
87.63659277
95.90592504
78.04033499
108.3405845
76.74436668
81.71223143
65.08053753
64.309113
64.216542
99.57772226
66.09881652
84.64356268
63.75368678
63.6611157
63.56854461
80.20027654
63.56854461
87.63659277
62.82797539
63.1982601
62.24169083
62.61197587
61.96397691
62.33426211
62.61197587
100.8119352
100.5342375
85.93951552
71.96160448
61.2234059
95.07282536
83.34760731
109.9450396
61.2234059
61.50112012
98.09666365
111.7346196
48.9112912
102.2312773
89.05596312
85.75437955
73.44272163
96.02934713
97.81896479
105.5944887
99.7937097
85.29153942
83.1316145
100.997067
59.92740462
82.85390936
63.01311777
98.92975953
98.65206102
98.83719337
83.96472923
96.06020265
110.1301688
92.54266432
112.6602625
104.4837052
99.54686691
88.40799008
99.02232567
98.18922991
95.93678057
101.1821987
96.30704674
58.87825887
85.47667551
85.56924354
112.4751341
96.95501204
82.66877253
100.0714077
103.3420646
65.54339181
64.58682593
64.216542
64.03139995
66.28395799
66.3148149
89.9816378
63.84625785
63.56854461
88.5931253
96.73902368
63.56854461
86.43321117
97.04757846
96.49217975
63.29083125
100.0714077
62.51940463
62.51940463
80.69397648
62.24169083
62.24169083
96.86244561
83.59445615
67.51823311
97.78810936
86.12465143
100.1639737
100.1639737
61.40854873
61.03826301
85.19897135
56.07024293
80.29284531
96.58474623
81.52709428
98.83719337
84.05729747
93.93116853
85.01383518
96.21448021
95.07282536
84.1498657
103.7431818
63.38340238
65.45082098
62.82797539
83.77959272
62.92054658
87.54402503
99.76285435
97.04757846
88.96339558
73.90557006
99.97884173
52.36734654
93.37576719
98.83719337
83.40931953
72.88730309
90.19762837
81.74308762
110.1301688
91.0307342
86.03208348
87.29717767
77.2072128
78.99688141
95.25795871
102.2004221
65.72853343
66.00624577
65.82110422
64.309113
56.47138879
64.03139995
96.58474623
63.75368678
63.56854461
62.82797539
78.44146753
82.29849872
95.72079187
77.76262771
61.68626288
61.2234059
78.53403654
107.970325
80.69397648
78.71917453
98.37436239
105.8104742
99.57772226
89.14853065
90.84559966
89.24109816
81.61966286
97.23271126
104.2985744
79.73743252
67.14795082
98.0349528
67.42566256
94.60999174
108.2480196
62.92054658
74.43013122
108.4331493
101.6450277
98.00409738
78.62660554
79.08945034
72.39359732
95.90592504
87.17375395
61.68626288
97.88067566
83.3167512
101.0896328
83.34760731
84.36585818
62.33426211
79.73743252
62.33426211
101.3673303
83.50188785
97.88067566
95.53565864
99.33087939
66.40738561
85.60009955
56.03938554
83.50188785
80.50883905
95.44309201
75.23240043
94.60999174
95.44309201
75.23240043
94.70255849
75.97295576
66.3765287
98.65206102
73.72043073
86.8960505
75.04726147
75.04726147
65.63596263
66.68509766
74.95469197
64.58682593
62.92054658
64.12397098
78.44146753
63.6611157
95.35052537
63.38340238
63.10568894
92.45009727
92.07982894
63.38340238
93.83860167
78.8117435
67.51823311
90.0742052
61.96397691
76.46665885
83.1316145
61.40854873
60.63711992
62.51940463
61.2234059
97.97324195
90.75303237
63.93882891
90.75303237
97.78810936
75.78781701
79.98428271
77.02207439
65.63596263
105.5944887
96.21448021
97.72639848
94.70255849
78.22547312
102.4164087
96.21448021
98.7446272
93.28320026
99.48515619
74.18327896
100.6268034
95.62822526
87.72916049
69.8633495
71.28275801
62.14911954
62.33426211
96.21448021
64.12397098
62.42683338
76.55922814
94.42485821
92.91293239
96.39961325
71.25190133
91.77127183
66.19138726
80.41627031
80.41627031
96.86244561
90.66046507
86.34064326
69.40049824
98.96061491
73.90557006
75.6026782
103.6197612
98.92975953
67.24052141
79.18201926
91.95640611
95.16539204
95.44309201
94.98025866
79.55229482
84.27328998
95.53565864
74.58441384
92.91293239
103.6814715
64.40168399
93.28320026
77.76262771
78.22547312
93.90031291
94.60999174
88.68569289
90.66046507
96.49217975
73.99813971
95.62822526
94.60999174
91.21586869
99.23831329
95.53565864
99.20745792
62.33426211
94.42485821
86.43321117
94.42485821
91.12330145
92.54266432
92.17239604
91.67870467
89.42623315
54.61994431
76.92950516
69.40049824
88.40799008
61.87140558
101.1204881
59.06340235
76.83693593
86.03208348
92.45009727
91.40100312
76.25066379
89.05596312
74.98554847
85.10640327
78.22547312
84.82869896
67.33309199
95.1962476
78.8117435
68.07365617
95.16539204
85.29153942
92.45009727
86.61834694
100.6268034
88.22285481
90.84559966
88.87082803
78.22547312
92.63523136
89.33366566
69.67820903
69.030217
90.0742052
95.93678057
94.60999174
93.28320026
61.80969135
61.68626288
76.55922814
73.16501242
90.93816694
93.28320026
90.0742052
68.93764666
57.42796641
86.15550741
88.00686359
101.5833172
89.79650297
57.82911145
84.27328998
89.33366566
89.88907039
95.35052537
86.80348266
88.22285481
77.29978198
99.39259011
71.37532802
88.87082803
60.63711992
99.76285435
94.05459098
99.30002402
84.64356268
89.51880062
91.30843591
62.33426211
81.06425119
72.79473329
94.33229142
95.53565864
90.84559966
75.23240043
63.29083125
66.87023896
72.5170238
65.54339181
54.46565704
67.24052141
86.52577906
67.61080365
74.09070934
96.58474623
66.68509766
96.58474623
86.71091481
90.38276309
65.63596263
87.63659277
94.05459098
89.6422239
86.03208348
69.8633495
86.03208348
87.35888952
62.42683338
86.24807534
91.86383898
57.82911145
86.12465143
72.39359732
97.26356673
73.65871761
88.77826047
88.22285481
91.0307342
71.65303799
90.19762837
98.06580823
98.46692861
91.67870467
91.40100312
57.55139568
71.93074784
94.42485821
88.00686359
87.45145728
99.17660255
91.98726182
91.95640611
87.63659277
75.78781701
73.72043073
88.22285481
97.14014487
88.68569289
66.28395799
54.34222719
69.21535764
88.31542245
67.24052141
72.02331776
69.12278733
88.50055769
90.29019574
70.72733765
91.30843591
84.05729747
85.10640327
86.52577906
68.44393794
75.69524761
78.62660554
82.94647775
91.52442605
84.55099453
67.70337418
80.50883905
65.63596263
75.13983096
87.8217282
89.70393553
65.54339181
93.00549938
87.8217282
86.61834694
81.80479998
95.81335846
85.47667551
74.76955293
98.37436239
60.57540557
79.92257017
85.56924354
80.01513897
67.51823311
93.68432355
93.12892201
54.18793985
63.01311777
65.66681956
104.0208782
86.24807534
80.41627031
71.09761794
94.23972462
86.24807534
81.52709428
89.61136808
88.96339558
86.12465143
63.1982601
55.26795047
95.84421399
55.76166902
98.55949482
94.85683638
50.05302576
86.71091481
73.07244265
82.76134095
83.59445615
89.42623315
92.72779838
93.12892201
73.44272163
63.56854461
88.31542245
67.61080365
89.79650297
89.61136808
89.17938649
89.14853065
67.42566256
73.53529134
91.67870467
91.21586869
87.35888952
95.44309201
66.19138726
64.98796663
89.79650297
65.45082098
64.12397098
96.30704674
82.85390936
90.19762837
82.60706024
62.82797539
89.79650297
88.68569289
71.28275801
67.98108569
63.38340238
72.20845757
95.35052537
86.77262671
84.98297915
68.93764666
67.67251734
67.24052141
94.05459098
69.58563878
65.08053753
66.68509766
66.16053035
49.1890106
65.54339181
74.27584857
64.49425497
67.24052141
90.75303237
89.14853065
63.10568894
73.35015191
62.92054658
61.80969135
56.99596379
62.05654823
78.04033499
79.18201926
93.00549938
61.2234059
59.92740462
58.7856871
56.99596379
69.61649553
80.97168253
91.67870467
80.01513897
84.64356268
95.68993634
77.1146436
70.32620043
94.79512523
87.08118615
87.08118615
78.22547312
90.0742052
72.60959364
93.19063331
76.34323311
74.09070934
83.50188785
90.66046507
78.07119135
86.34064326
83.3167512
76.92950516
97.32527764
79.92257017
71.74560795
91.40100312
73.8130004
79.73743252
90.72217661
53.87936507
78.04033499
79.49058224
77.57748946
93.00549938
86.12465143
85.56924354
92.45009727
87.08118615
70.32620043
83.8413049
81.24938846
74.95469197
84.27328998
73.07244265
88.77826047
73.07244265
79.18201926
76.28152024
73.84385696
74.36841817
76.34323311
92.54266432
66.56167009
78.99688141
77.67005859
67.7959447
93.34491155
79.36715707
82.85390936
79.83000135
93.80774605
76.74436668
84.55099453
57.45882373
74.58441384
79.36715707
92.07982894
79.39801336
68.56736516
88.96339558
70.264487
68.93764666
94.23972462
81.55795048
81.52709428
81.34195708
78.8117435
72.70216347
91.0307342
93.00549938
79.18201926
79.58315111
67.51823311
81.15681983
79.08945034
68.44393794
94.05459098
77.2072128
70.91247782
92.26496313
94.79512523
77.76262771
83.87216098
83.59445615
80.69397648
94.79512523
82.08250557
92.54266432
87.08118615
87.63659277
94.33229142
67.61080365
69.40049824
86.61834694
67.24052141
70.41877058
81.06425119
84.45842636
83.22418286
81.43452569
93.12892201
77.36149476
79.7682888
90.84559966
71.8381779
73.53529134
74.49184427
85.84694754
79.33630077
77.91690955
70.23363027
82.48363565
88.31542245
85.38410747
52.30563142
79.18201926
87.9142959
66.56167009
73.16501242
64.89539572
62.73540418
91.77127183
82.39106719
66.4690994
80.41627031
61.87140558
91.0307342
90.75303237
94.51742498
69.58563878
85.01383518
88.31542245
70.81990774
67.14795082
82.76134095
82.76134095
77.76262771
80.97168253
83.10075838
82.94647775
87.9451518
75.23240043
91.21586869
88.09943126
89.14853065
86.03208348
82.29849872
79.92257017
94.20886902
74.58441384
72.97987288
71.00504789
78.25632947
86.71091481
77.76262771
76.83693593
88.22285481
84.55099453
85.66181155
92.45009727
78.71917453
77.48492031
76.83693593
79.73743252
73.90557006
67.61080365
75.41753934
77.85519682
90.56789776
89.51880062
88.77826047
72.11588767
74.67698339
76.65179742
91.98726182
85.69266756
71.56046801
86.61834694
93.93116853
92.17239604
72.60959364
89.24109816
77.1146436
70.1410601
75.41753934
72.20845757
90.84559966
92.91293239
91.77127183
51.53419199
73.25758217
87.66744868
51.53419199
91.80212755
80.78654517
77.1146436
86.24807534
75.41753934
91.77127183
91.40100312
67.91937203
66.77766831
69.030217
97.84982023
71.09761794
79.64486368
91.12330145
62.17997664
91.33929165
91.21586869
69.30792795
69.12278733
72.97987288
72.79473329
70.32620043
85.29153942
93.09806635
85.56924354
70.41877058
85.50753152
91.52442605
72.02331776
67.8885152
71.19018798
85.75437955
101.4598961
88.31542245
72.0541744
84.73613083
67.24052141
74.76955293
85.10640327
88.50055769
66.68509766
80.29284531
65.26567928
73.25758217
64.98796663
65.63596263
102.6941056
66.77766831
61.50112012
110.7781206
92.45009727
91.86383898
68.75250593
77.39235115
68.93764666
87.63659277
74.18327896
64.49425497
84.92126708
85.47667551
72.20845757
84.18072177
74.27584857
92.26496313
82.94647775
84.64356268
66.87023896
88.13028715
67.98108569
86.24807534
92.82036539
73.53529134
74.58441384
67.42566256
85.75437955
71.65303799
63.56854461
79.55229482
109.4822164
109.4513615
110.1301688
63.29083125
86.52577906
97.23271126
73.53529134
64.98796663
113.3082118
91.67870467
70.72733765
76.15809446
99.67028831
68.93764666
67.33309199
87.17375395
68.53650835
77.48492031
49.46672988
90.84559966
88.50055769
89.33366566
72.42445395
72.39359732
67.24052141
86.03208348
92.82036539
92.26496313
109.1736674
84.08815355
65.17310841
85.84694754
89.271954
111.055814
84.45842636
75.04726147
112.0123126
108.0628899
54.37308466
90.56789776
62.92054658
61.68626288
82.39106719
57.85996875
69.12278733
80.32370156
82.5762041
93.00549938
69.49306852
91.52442605
91.49357032
91.52442605
70.91247782
106.5509953
89.51880062
92.72779838
73.8130004
68.93764666
71.37532802
60.85312008
67.70337418
73.72043073
60.48283405
66.96280959
61.13083446
110.9632495
63.10568894
64.03139995
62.51940463
56.71824766
85.93951552
62.05654823
69.30792795
105.9030394
75.23240043
110.4078625
114.3572712
116.0542755
105.8104742
66.4690994
82.39106719
65.72853343
67.7959447
82.66877253
67.24052141
82.76134095
94.70255849
69.49306852
69.49306852
68.07365617
79.27458817
68.53650835
72.20845757
65.79024729
84.18072177
65.72853343
83.3167512
80.29284531
91.52442605
74.36841817
80.60140777
90.19762837
63.6611157
89.70393553
64.89539572
83.71788053
92.69694271
85.56924354
92.60437568
118.2140929
66.96280959
81.95908088
77.1146436
80.29284531
72.5170238
82.0516494
72.11588767
69.67820903
77.1146436
51.0713279
68.44393794
89.11767481
49.3741568
71.46789802
89.05596312
89.05596312
65.45082098
73.99813971
92.20325174
88.22285481
86.86519456
80.94082631
60.45197687
83.22418286
87.9451518
68.19708345
91.67870467
69.58563878
68.75250593
79.18201926
62.24169083
114.820091
54.18793985
108.6182789
116.1468393
81.74308762
76.83693593
85.19897135
79.08945034
68.13536981
68.47479475
68.44393794
64.216542
91.49357032
74.27584857
60.94569155
119.4174166
70.72733765
81.98993705
89.42623315
90.66046507
79.18201926
69.12278733
69.12278733
58.38454264
74.86212246
73.25758217
73.99813971
71.09761794
72.02331776
118.0289659
60.26683377
61.68626288
85.01383518
85.35325146
88.68569289
67.51823311
65.72853343
59.43368918
87.23546581
86.71091481
99.48515619
81.06425119
78.99688141
88.50055769
76.65179742
94.42485821
54.65080176
65.17310841
68.44393794
59.06340235
79.95342644
116.3319667
92.3575302
85.75437955
55.85424121
115.2829105
87.4823132
87.45145728
81.80479998
113.4007759
60.35940533
72.42445395
67.33309199
78.04033499
80.41627031
81.34195708
69.21535764
67.05538021
67.98108569
75.51010878
62.51940463
84.55099453
83.1316145
77.02207439
89.14853065
57.85996875
78.59574921
74.67698339
89.88907039
85.47667551
89.79650297
86.24807534
66.56167009
72.30102745
90.90731118
57.73653954
87.72916049
60.94569155
59.52626085
77.60834584
53.7867926
58.97083062
58.47711446
118.9854545
93.99287976
66.28395799
75.41753934
66.3148149
64.98796663
66.09881652
65.26567928
83.77959272
67.85765837
64.77196782
78.31804216
81.15681983
74.09070934
113.6167589
69.40049824
70.63476754
73.25758217
72.60959364
74.67698339
72.97987288
69.77077927
72.30102745
73.35015191
78.53403654
78.22547312
77.1146436
76.25066379
77.57748946
89.61136808
77.29978198
75.13983096
68.25879708
63.93882891
67.24052141
63.01311777
68.16622663
67.8885152
77.29978198
85.53838753
62.73540418
62.61197587
62.64283295
74.86212246
67.7959447
62.24169083
63.29083125
62.24169083
83.87216098
71.74560795
61.03826301
63.10568894
103.9283127
56.68739031
56.59481824
55.85424121
54.92851875
52.95363985
54.71251666
58.41539992
56.53310352
56.44053143
55.02109106
56.31710195
54.34222719
56.77996237
56.77996237
70.4496273
57.45882373
87.7600164
88.96339558
86.98861833
77.67005859
80.97168253
86.00122749
85.38410747
74.67698339
110.500427
112.2900055
86.18636339
73.16501242
78.99688141
82.17507407
64.58682593
104.1134436
86.61834694
122.2560178
70.81990774
65.45082098
65.26567928
84.58185058
61.68626288
55.08280592
80.97168253
87.9142959
68.47479475
88.56226943
81.80479998
68.44393794
96.39961325
71.89989119
78.8117435
60.76054859
91.0307342
86.95776239
63.56854461
82.85390936
89.02510728
88.83997218
74.18327896
107.0138205
86.43321117
66.4690994
76.25066379
63.01311777
76.34323311
74.86212246
73.07244265
71.19018798
72.60959364
69.030217
81.24938846
63.56854461
52.55249185
65.54339181
64.98796663
79.55229482
86.24807534
99.1148918
55.8850986
73.16501242
58.87825887
70.63476754
54.46565704
98.00409738
103.4346301
51.25647358
71.37532802
85.84694754
88.22285481
75.6026782
61.68626288
71.28275801
57.64396761
71.86903455
71.31361468
71.43704136
56.53310352
73.93642661
60.76054859
57.82911145
75.81867347
70.72733765
78.13290406
74.76955293
85.60009955
78.28718581
71.93074784
102.323843
69.70906578
82.76134095
84.61270663
76.09638157
68.47479475
65.79024729
65.08053753
64.89539572
65.08053753
71.86903455
73.35015191
59.43368918
72.70216347
92.04897323
85.01383518
62.24169083
75.51010878
56.47138879
77.85519682
85.35325146
80.94082631
100.3491056
79.52143853
63.38340238
83.3167512
87.72916049
60.5445484
72.60959364
74.67698339
100.2565397
83.87216098
62.05654823
74.86212246
81.80479998
72.5170238
101.0896328
80.50883905
88.25371069
90.75303237
64.8028248
73.72043073
54.92851875
85.75437955
64.247399
70.63476754
64.12397098
87.7908723
66.00624577
63.29083125
87.51316911
81.24938846
67.33309199
79.79914507
69.030217
78.99688141
98.09666365
82.66877253
59.06340235
85.66181155
56.90339176
89.91992619
53.97193752
106.4584302
67.73423102
73.50443477
56.2553872
83.74873663
62.73540418
76.92950516
87.8217282
64.216542
61.59369151
62.42683338
72.2393142
59.52626085
76.37408955
87.14289802
83.22418286
91.67870467
65.08053753
68.25879708
63.1982601
79.64486368
90.47533043
67.42566256
76.65179742
71.8381779
50.57760585
90.10506099
69.77077927
80.69397648
63.38340238
60.45197687
77.2072128
67.05538021
72.45531057
73.93642661
63.6611157
90.8147439
59.55711807
64.12397098
81.98993705
66.28395799
77.88605319
73.16501242
70.11020337
70.32620043
79.95342644
70.04848991
86.80348266
78.90431246
76.92950516
82.54534795
66.4690994
75.23240043
64.216542
68.10451299
82.02079323
81.06425119
56.50224616
88.28456657
82.02079323
81.83565617
81.83565617
90.66046507
56.2553872
59.89654741
62.33426211
79.95342644
59.52626085
80.04599524
49.55930295
89.54965645
76.28152024
76.92950516
71.46789802
76.74436668
77.29978198
71.09761794
80.69397648
89.42623315
79.64486368
70.1410601
80.41627031
69.58563878
76.89864875
72.88730309
63.29083125
79.83000135
79.95342644
64.8028248
89.79650297
88.19199892
73.16501242
69.030217
78.25632947
65.66681956
63.38340238
61.68626288
75.13983096
78.62660554
78.6883182
63.38340238
85.07554724
77.29978198
82.11336174
89.02510728
74.09070934
79.18201926
61.50112012
86.21721937
75.13983096
78.96602509
78.8117435
78.8117435
100.4416716
77.1146436
75.41753934
79.08945034
77.1146436
85.47667551
76.37408955
73.99813971
73.35015191
69.030217
76.18895091
77.1146436
75.6026782
65.17310841
73.53529134
98.28179616
73.65871761
88.68569289
68.93764666
74.58441384
75.51010878
83.77959272
77.1146436
65.54339181
78.99688141
83.59445615
84.73613083
90.93816694
76.25066379
75.97295576
76.25066379
76.00381221
59.43368918
59.89654741
66.4690994
76.65179742
80.13856403
68.07365617
58.01425523
58.7856871
76.15809446
89.73479135
55.20623562
84.36585818
70.63476754
56.77996237
73.35015191
54.46565704
75.91124285
94.79512523
94.79512523
74.12156589
67.14795082
54.18793985
74.09070934
79.18201926
90.56789776
54.40394212
71.46789802
75.97295576
73.75128729
72.0541744
76.18895091
73.72043073
88.65483703
91.64784895
79.92257017
73.75128729
65.54339181
73.44272163
65.17310841
55.48395238
73.99813971
66.22224417
81.71223143
66.3765287
70.07934664
73.44272163
60.85312008
72.1467443
66.4690994
70.72733765
52.5833494
72.33188408
59.89654741
70.72733765
63.38340238
50.33074468
87.29717767
62.17997664
59.43368918
71.96160448
58.87825887
89.91992619
74.18327896
54.28051226
69.8633495
78.53403654
71.74560795
75.54096525
68.47479475
69.95591971
68.35136752
68.8450763
75.97295576
69.30792795
76.46665885
58.7856871
71.28275801
63.56854461
75.6026782
65.75939036
64.49425497
70.07934664
66.96280959
65.35825013
70.54219743
92.88207673
100.9045011
74.18327896
66.87023896
73.07244265
69.49306852
71.96160448
70.07934664
66.59252699
68.19708345
88.09943126
67.42566256
72.67130686
84.82869896
68.93764666
78.13290406
103.6197612
66.77766831
75.51010878
89.05596312
67.70337418
59.89654741
70.07934664
67.14795082
57.1811078
58.7856871
57.82911145
55.66909682
67.91937203
69.92506298
66.4690994
69.21535764
75.44839582
69.30792795
68.22794026
68.53650835
63.38340238
70.1410601
67.51823311
68.59822196
67.57994681
70.11020337
65.63596263
67.42566256
67.24052141
67.05538021
59.61883251
69.1536441
94.14715781
66.3148149
68.75250593
68.8450763
69.70906578
52.76849465
53.91022255
66.19138726
61.03826301
53.60164764
68.8450763
59.98911902
68.78336272
76.99121798
66.4999563
83.03904613
89.91992619
83.10075838
61.31597732
69.98677645
68.13536981
69.73992253
91.98726182
90.35190731
69.8633495
70.54219743
69.92506298
83.59445615
89.33366566
65.08053753
64.309113
69.77077927
54.43479958
71.46789802
90.93816694
86.98861833
83.34760731
83.34760731
79.15116296
74.30670511
71.00504789
71.22104466
71.28275801
65.88281808
66.03710269
63.56854461
65.72853343
66.96280959
60.5445484
71.1593313
71.28275801
71.00504789
69.33878471
67.14795082
66.96280959
68.8450763
60.35940533
57.1811078
61.50112012
63.01311777
75.78781701
76.52837171
63.38340238
61.59369151
63.56854461
95.38138092
60.08169062
72.79473329
70.72733765
76.37408955
67.24052141
63.4759735
84.18072177
54.58908686
72.91815969
73.16501242
78.3488985
74.2141355
74.18327896
62.5811188
66.77766831
64.71025387
72.64045025
70.81990774
73.93642661
85.01383518
62.14911954
67.33309199
87.63659277
89.42623315
66.87023896
77.67005859
86.8960505
80.78654517
68.65993555
75.51010878
50.26902938
52.15134361
70.91247782
74.49184427
70.4496273
59.24854579
95.22710315
65.35825013
56.03938554
72.88730309
93.71517917
81.9282247
54.28051226
66.28395799
64.89539572
63.01311777
67.02452334
80.60140777
76.12723802
65.82110422
68.38222433
66.03710269
79.73743252
81.0951074
52.86106725
70.54219743
56.40967406
75.84952993
78.3488985
72.2393142
60.26683377
70.63476754
60.1742622
74.3992747
60.08169062
86.58749098
94.33229142
75.72610408
54.46565704
62.30340502
59.71140416
85.4458195
53.60164764
74.58441384
73.07244265
67.67251734
69.95591971
64.71025387
93.77689042
56.99596379
80.97168253
57.27367979
54.83594644
60.45197687
94.60999174
55.11366335
79.95342644
67.24052141
55.85424121
66.09881652
70.4496273
83.62531225
60.5445484
73.35015191
71.37532802
52.83020972
73.07244265
58.04511252
77.02207439
78.99688141
73.56614791
59.61883251
84.33500211
79.24373187
80.04599524
89.24109816
73.35015191
87.72916049
80.20027654
87.17375395
83.3167512
87.08118615
75.13983096
74.67698339
63.84625785
60.35940533
51.34904639
56.90339176
77.1146436
54.09536743
72.33188408
52.27477386
77.57748946
71.68389464
71.68389464
60.08169062
80.4779828
72.42445395
72.42445395
57.1811078
65.35825013
76.46665885
72.70216347
68.65993555
69.67820903
53.97193752
54.37308466
89.88907039
69.64735228
88.00686359
76.34323311
56.16281507
71.37532802
74.49184427
80.84825763
73.72043073
74.49184427
85.47667551
54.43479958
74.30670511
91.61699323
54.15708238
68.38222433
57.1811078
52.27477386
73.75128729
70.72733765
71.59132467
72.79473329
88.5931253
71.59132467
77.2072128
59.15597408
79.79914507
90.35190731
50.85532455
77.85519682
75.32496989
55.39138014
54.06450996
89.24109816
86.61834694
74.86212246
86.8960505
87.35888952
93.77689042
73.16501242
80.97168253
83.68702444
95.35052537
74.67698339
74.49184427
73.84385696
69.89420624
77.42320754
58.60054354
58.56968627
56.77996237
55.39138014
73.25758217
59.06340235
71.59132467
92.3575302
75.04726147
55.11366335
76.74436668
74.95469197
72.97987288
69.40049824
78.90431246
56.03938554
52.55249185
73.25758217
67.82680153
74.2141355
69.030217
63.84625785
53.32393009
85.84694754
87.08118615
71.7764646
81.55795048
71.28275801
75.63353467
74.67698339
72.70216347
71.37532802
83.00819001
56.07024293
99.88627572
72.70216347
54.61994431
50.7010364
71.37532802
55.85424121
68.25879708
74.02899626
86.43321117
70.72733765
59.06340235
54.15708238
70.66562425
89.05596312
50.48503292
80.60140777
83.77959272
85.01383518
90.93816694
77.85519682
75.32496989
74.76955293
54.92851875
89.73479135
51.53419199
60.94569155
49.83702208
55.85424121
63.01311777
84.70527478
55.11366335
74.76955293
59.80397579
52.86106725
75.54096525
78.8117435
69.64735228
57.92168335
64.09311397
70.48048401
50.67017876
54.002795
72.17760094
87.32803359
53.7867926
91.33929165
97.91153109
54.74337411
51.81191029
97.78810936
51.34904639
96.58474623
65.26567928
96.09105816
77.36149476
56.34795932
51.25647358
81.06425119
73.07244265
59.71140416
53.47821763
79.05859403
69.21535764
97.54126582
93.93116853
86.15550741
70.63476754
58.7856871
56.68739031
88.46970182
83.93387315
88.68569289
94.76426965
74.18327896
70.66562425
73.65871761
52.83020972
52.4599192
63.6611157
76.80607951
100.8119352
77.97862228
74.12156589
63.4759735
77.88605319
55.66909682
54.28051226
81.0951074
89.61136808
111.4877813
67.05538021
66.3148149
62.55026172
102.323843
85.16811533
60.08169062
108.3097295
112.2900055
93.46833411
57.1811078
74.76955293
52.83020972
64.12397098
54.55822941
59.98911902
50.85532455
109.4822164
55.8850986
91.7095604
54.61994431
91.67870467
51.62676477
54.74337411
98.55949482
74.09070934
55.48395238
65.08053753
100.997067
104.3294296
61.59369151
73.87471351
95.47394756
74.70783991
99.60857761
81.15681983
72.94901628
96.46132425
64.71025387
100.3182503
82.17507407
64.46339798
101.213054
73.99813971
53.04621243
51.4416192
109.6673457
80.75568894
86.21721937
57.0885358
77.45406393
90.38276309
62.24169083
103.8048921
68.65993555
58.87825887
91.7095604
53.60164764
51.53419199
73.35015191
54.61994431
55.20623562
68.01194252
62.27254793
73.75128729
61.19254875
66.96280959
92.97464372
78.37975485
72.5170238
105.8104742
106.3658651
98.12751907
115.4988928
53.23135755
72.70216347
55.57652461
53.50907514
54.06450996
57.0885358
77.79348408
107.0138205
86.30978729
56.68739031
55.94681338
82.76134095
75.9420993
105.717909
94.05459098
90.0124936
54.61994431
60.76054859
103.403775
109.1736674
52.55249185
99.51601155
89.21024233
59.34111749
88.19199892
99.30002402
66.96280959
101.3056198
55.29880789
86.4023552
57.24282246
72.60959364
65.45082098
55.8850986
85.01383518
111.5186361
64.8028248
85.81609155
74.86212246
108.7725535
109.8216201
54.52737195
71.59132467
61.40854873
68.10451299
56.53310352
122.7805406
65.35825013
58.01425523
113.6167589
63.84625785
68.28965389
58.97083062
65.35825013
77.02207439
66.03710269
86.18636339
113.7710323
75.81867347
51.04047028
63.10568894
109.0811027
54.15708238
58.72397259
100.5959481
110.2844431
60.1742622
98.80633798
56.81081972
83.56360005
53.138785
115.6840204
125.4031484
91.33929165
62.42683338
81.12596362
102.60154
96.1836247
86.4023552
130.2472319
87.7908723
105.3785032
127.408665
62.92054658
114.2338525
102.3855534
80.10770776
83.90301707
62.33426211
64.43254098
93.31405591
126.9767081
113.2465024
79.58315111
66.96280959
95.62822526
58.1068271
90.75303237
58.01425523
107.0446755
85.69266756
52.4599192
65.88281808
84.82869896
52.76849465
61.90226269
73.44272163
72.0541744
77.42320754
56.99596379
52.27477386
109.2045223
59.71140416
51.25647358
69.21535764
88.77826047
59.92740462
91.5861375
81.55795048
56.6256756
51.4416192
64.98796663
120.3739032
66.09881652
72.97987288
56.53310352
60.11254781
56.59481824
63.44511646
79.52143853
63.136546
52.27477386
64.67939688
51.81191029
71.1593313
97.2018558
83.22418286
94.73341407
88.03771948
59.71140416
92.45009727
99.14574717
66.22224417
52.64506449
100.6268034
50.88618218
80.87911386
71.09761794
65.20396537
104.7922564
93.28320026
98.55949482
77.76262771
75.4792523
71.37532802
69.21535764
72.1467443
54.31136973
76.12723802
83.34760731
117.9981115
76.74436668
106.5818503
115.5914566
63.56854461
90.47533043
85.78523555
106.0881697
56.90339176
86.52577906
63.38340238
97.88067566
91.95640611
62.64283295
98.83719337
97.07843393
89.45708898
98.00409738
116.4862395
97.07843393
93.40662284
105.9647495
117.7512755
104.6688359
88.19199892
85.01383518
100.1639737
81.37281329
112.6294078
52.67592203
64.98796663
109.5130713
84.64356268
77.70091497
93.31405591
106.2733
99.08403642
73.50443477
53.60164764
72.1467443
70.38791387
56.99596379
57.55139568
64.89539572
90.66046507
53.41650262
90.96902269
93.68432355
53.50907514
73.56614791
105.5636337
96.46132425
86.4023552
53.10792747
80.87911386
100.8119352
85.60009955
88.68569289
81.28024467
51.68847995
92.54266432
92.63523136
79.52143853
100.0714077
77.97862228
101.336475
75.07811797
83.34760731
85.19897135
95.31966982
101.7375934
87.85258411
84.52013847
89.36452149
70.01763318
106.3658651
55.48395238
60.48283405
99.51601155
56.2553872
80.97168253
100.997067
96.1836247
53.23135755
102.6941056
81.74308762
80.2311328
73.25758217
56.68739031
76.65179742
65.41996403
62.76626125
52.30563142
104.1134436
106.9212555
96.58474623
87.05033021
109.0193929
102.6941056
90.29019574
64.00054294
85.60009955
106.1498798
87.38974544
61.56283438
54.37308466
56.16281507
76.92950516
71.86903455
117.3810213
72.97987288
98.46692861
96.6773127
109.7599104
108.2480196
71.74560795
56.90339176
84.08815355
60.39026251
96.1836247
67.14795082
80.50883905
85.87780354
57.95254064
75.13983096
66.87023896
61.31597732
93.71517917
80.04599524
51.62676477
85.50753152
105.717909
109.0193929
87.85258411
96.02934713
85.66181155
53.04621243
78.16376042
102.60154
76.52837171
105.3785032
108.8651183
89.67307972
55.02109106
90.29019574
54.002795
108.3097295
88.56226943
114.9435095
110.0067494
79.83000135
66.77766831
98.7446272
117.1958941
56.81081972
90.96902269
96.64645721
112.3825698
67.42566256
67.51823311
89.45708898
75.54096525
58.41539992
85.41496349
68.8450763
79.39801336
121.3612427
107.3223705
94.88769195
65.54339181
74.49184427
77.42320754
53.60164764
102.323843
77.1146436
81.0951074
69.80163602
102.0461459
65.08053753
87.42060136
54.68165921
114.1721432
103.9283127
95.47394756
76.40494599
105.6253438
84.92126708
76.37408955
85.19897135
81.49623809
76.62094099
74.30670511
104.2985744
69.30792795
68.65993555
90.10506099
76.74436668
58.23025625
72.79473329
56.34795932
57.85996875
98.92975953
54.99023362
68.47479475
86.06293946
54.55822941
74.49184427
80.2311328
84.30414605
52.02791333
52.12048604
108.0628899
108.7108437
105.1625176
76.37408955
87.57488094
73.75128729
51.90448303
52.30563142
80.2311328
94.70255849
91.67870467
97.01672299
96.6773127
96.36875775
96.36875775
96.64645721
96.92415657
97.29442219
97.3561331
97.23271126
97.23271126
97.23271126
97.23271126
97.44869947
97.32527764
97.84982023
97.88067566
97.97324195
98.00409738
97.32527764
97.23271126
95.93678057
96.12191368
96.27619123
96.39961325
96.61560172
96.86244561
96.95501204
96.98586752
97.2018558
97.3561331
97.41784401
96.64645721
96.58474623
96.55389074
96.49217975
96.46132425
96.39961325
96.21448021
96.09105816
96.06020265
96.06020265
95.93678057
95.90592504
95.93678057
113.9870151
71.8381779
56.9342491
53.32393009
55.02109106
62.27254793
99.20745792
57.24282246
93.53004539
79.52143853
56.34795932
72.42445395
95.53565864
92.66608703
53.84850758
60.20511939
64.247399
60.29769096
73.65871761
117.3193123
101.5833172
88.03771948
98.18922991
105.9030394
101.3673303
79.18201926
79.58315111
76.00381221
71.22104466
72.79473329
53.91022255
74.55355732
53.97193752
100.1639737
108.9576831
99.54686691
95.99849161
67.95022886
96.76987916
104.2985744
74.95469197
100.5342375
63.72282976
95.13453648
69.12278733
89.54965645
54.06450996
61.13083446
89.05596312
109.3279419
94.70255849
76.74436668
69.8633495
77.60834584
71.43704136
98.25094074
60.11254781
84.11900963
77.05293079
68.13536981
53.91022255
94.8259808
88.13028715
76.46665885
91.61699323
72.79473329
91.89469469
63.1982601
57.27367979
68.75250593
91.61699323
83.53274395
66.68509766
71.28275801
76.31237668
97.91153109
100.0714077
64.89539572
91.18501294
83.53274395
77.42320754
68.81421951
93.00549938
74.43013122
72.94901628
64.98796663
55.66909682
73.44272163
63.44511646
68.90678987
86.86519456
68.41308114
53.32393009
69.73992253
75.44839582
65.35825013
59.06340235
73.07244265
54.55822941
71.37532802
86.43321117
78.25632947
108.2480196
108.3405845
71.68389464
75.32496989
96.12191368
89.82735878
91.52442605
75.63353467
72.97987288
53.3547876
106.9521105
86.61834694
52.5833494
92.20325174
89.91992619
59.49540363
62.45769047
74.86212246
92.11068464
53.41650262
55.36052273
86.4949231
75.23240043
97.63383215
102.1387116
91.0307342
52.5216343
97.81896479
75.32496989
59.52626085
54.09536743
73.75128729
65.94453193
72.88730309
109.5747811
82.60706024
66.3148149
79.18201926
75.13983096
86.98861833
59.71140416
60.69883426
103.0026576
97.17100034
86.24807534
77.94776591
83.90301707
57.15025047
97.54126582
53.69422013
65.54339181
99.42344548
53.41650262
93.0672107
103.3729198
78.71917453
108.2480196
93.0672107
84.89041104
70.81990774
57.98339794
90.13591679
99.05318105
74.02899626
94.67170291
84.48928242
89.02510728
80.97168253
67.33309199
72.91815969
96.46132425
114.5423992
102.0461459
95.28881426
67.02452334
87.66744868
99.33087939
84.0264414
77.1763564
93.12892201
79.86085762
95.38138092
76.52837171
71.09761794
74.02899626
53.66336263
91.64784895
88.31542245
82.02079323
91.52442605
79.15116296
77.42320754
74.2141355
56.07024293
108.1245998
72.88730309
63.44511646
107.970325
58.32282809
56.13195769
109.1119576
92.63523136
116.8256397
104.1134436
59.27940303
94.88769195
54.58908686
97.54126582
71.34447135
54.09536743
61.99483402
57.70568223
77.1146436
102.2312773
73.25758217
96.49217975
90.75303237
106.7361254
66.77766831
55.57652461
101.4907514
70.81990774
73.16501242
77.42320754
85.41496349
80.50883905
109.5747811
74.30670511
102.4164087
120.0036505
91.0307342
86.71091481
115.1903466
99.88627572
72.0541744
78.41061119
90.56789776
112.1974412
95.47394756
78.07119135
70.4496273
72.97987288
88.5931253
56.2553872
104.7614013
99.51601155
73.56614791
105.0699523
98.96061491
73.35015191
75.91124285
90.29019574
93.49918975
100.2565397
79.67571996
61.06912016
106.2733
55.79252642
80.60140777
76.00381221
84.55099453
80.87911386
72.70216347
75.23240043
82.20593023
93.86945729
104.977387
109.852475
72.42445395
84.27328998
64.43254098
90.16677258
78.16376042
85.78523555
99.97884173
77.33063837
88.13028715
108.3405845
87.38974544
102.0770011
100.0405524
57.95254064
95.38138092
102.910092
101.0279223
94.08544659
55.79252642
101.8610144
115.5914566
104.5762706
72.88730309
96.12191368
102.755816
103.7431818
96.02934713
62.98226071
91.24672443
117.4735849
76.46665885
100.7193693
106.7669804
91.0307342
96.15276919
91.24672443
83.53274395
115.3137651
98.7446272
71.09761794
74.58441384
111.3026525
76.65179742
78.3488985
85.10640327
71.52961135
98.65206102
74.12156589
114.1721432
81.83565617
83.22418286
71.86903455
62.73540418
57.70568223
58.32282809
77.79348408
84.82869896
66.68509766
99.60857761
59.40283195
86.80348266
76.00381221
62.08740534
69.12278733
63.01311777
78.44146753
61.13083446
97.6646876
62.79711832
99.70114366
81.15681983
117.4735849
75.63353467
95.6590808
96.39961325
98.15837449
94.39400261
115.2212012
103.7431818
93.68432355
96.27619123
93.96202414
98.00409738
63.38340238
80.87911386
90.44447465
98.65206102
59.0942596
92.54266432
77.70091497
104.5762706
56.81081972
102.1387116
91.33929165
74.12156589
56.6256756
79.67571996
93.09806635
100.6268034
75.32496989
82.39106719
76.55922814
81.55795048
64.8028248
77.88605319
75.63353467
75.75696054
86.43321117
81.46538189
106.2733
89.79650297
74.86212246
77.88605319
90.75303237
94.14715781
69.21535764
75.91124285
92.26496313
74.67698339
86.06293946
83.44017564
76.55922814
59.834833
78.07119135
79.7682888
58.81654436
75.72610408
74.95469197
74.02899626
87.66744868
75.29411341
72.85644649
76.92950516
79.08945034
78.53403654
101.8610144
74.02899626
94.70255849
57.36625177
77.29978198
76.83693593
75.23240043
63.4759735
90.38276309
62.21083374
73.84385696
90.66046507
103.1877887
57.48968105
87.63659277
75.23240043
75.44839582
93.49918975
96.21448021
73.84385696
65.75939036
56.47138879
103.0026576
98.83719337
75.72610408
76.74436668
75.81867347
80.63226401
75.54096525
94.1163022
90.66046507
85.01383518
102.4164087
77.45406393
61.99483402
102.60154
93.49918975
76.71351026
99.45430084
94.88769195
82.11336174
69.95591971
94.30143582
62.67369003
76.18895091
99.33087939
98.37436239
103.8974576
79.58315111
78.53403654
89.82735878
107.3532255
89.05596312
62.92054658
76.74436668
98.18922991
77.02207439
61.53197725
86.00122749
94.70255849
85.41496349
97.88067566
86.06293946
100.8119352
96.12191368
89.30280983
88.71654875
97.17100034
92.63523136
86.71091481
100.0714077
107.5075005
97.17100034
110.2227334
83.8413049
92.32667451
89.70393553
93.96202414
99.91713106
94.91854752
77.29978198
95.81335846
95.47394756
97.63383215
97.04757846
97.81896479
103.2803543
74.80040944
78.37975485
78.3488985
93.80774605
94.36314702
79.08945034
82.5762041
101.213054
66.12967344
95.6590808
101.2439092
58.23025625
80.13856403
57.45882373
100.4416716
88.96339558
86.71091481
77.29978198
87.08118615
60.85312008
86.6492029
76.74436668
95.28881426
102.8175264
77.02207439
74.33756164
83.25503897
58.97083062
75.32496989
80.60140777
110.1301688
108.6182789
91.80212755
77.60834584
83.81044881
101.4907514
101.0279223
84.55099453
75.04726147
85.1372593
57.45882373
108.7108437
64.06225696
80.32370156
58.32282809
96.21448021
80.50883905
75.72610408
69.12278733
101.7684487
100.0714077
112.8762457
103.3729198
111.5494909
105.5636337
101.5524619
94.42485821
99.7937097
76.40494599
89.54965645
77.1146436
83.03904613
90.19762837
76.28152024
94.14715781
57.98339794
57.98339794
94.79512523
69.12278733
95.38138092
57.21196513
80.60140777
57.48968105
94.76426965
83.62531225
94.14715781
102.2312773
101.4290409
113.3390665
109.1119576
102.6941056
110.8089754
79.67571996
102.6941056
101.0279223
102.2312773
103.774037
90.53704198
84.08815355
96.73902368
105.9956046
91.0307342
77.79348408
100.7193693
112.0123126
64.15482799
76.09638157
108.6182789
77.42320754
81.06425119
80.41627031
63.63025867
100.8119352
75.51010878
80.78654517
89.08681897
62.30340502
73.25758217
77.42320754
76.55922814
78.53403654
84.82869896
82.85390936
96.21448021
95.84421399
77.60834584
80.97168253
84.92126708
79.86085762
63.01311777
96.49217975
58.97083062
83.62531225
104.206009
72.60959364
96.30704674
58.16854168
82.5762041
83.44017564
94.23972462
104.6688359
72.79473329
60.57540557
113.0613741
67.61080365
68.19708345
91.89469469
60.94569155
92.72779838
60.48283405
59.27940303
97.26356673
82.29849872
84.08815355
99.60857761
98.0349528
107.6000654
87.66744868
113.5241948
84.82869896
106.9521105
106.6435604
81.37281329
80.97168253
105.8104742
78.99688141
112.6602625
110.9632495
106.6435604
112.2900055
94.23972462
110.0376042
109.0811027
107.4766455
108.8959732
108.8034085
113.801887
107.8777601
109.4513615
108.1554548
110.0376042
58.97083062
90.75303237
112.6602625
107.970325
107.1989506
109.7599104
107.1063856
110.315298
70.41877058
110.2227334
110.315298
110.6855561
59.15597408
105.5019235
113.2156477
110.0376042
111.9197483
108.8959732
103.3420646
106.4584302
111.7346196
111.3335073
109.5439262
108.5257141
107.7851952
110.7781206
109.0811027
108.8034085
108.988538
111.5186361
110.315298
110.0376042
102.910092
59.06340235
105.8104742
109.0811027
110.2227334
111.5186361
110.5929916
112.9379552
110.315298
109.2662321
58.7856871
63.38340238
108.988538
111.4260717
107.4766455
105.316793
106.1807349
86.15550741
89.42623315
110.2227334
109.1736674
109.0811027
108.6182789
113.9870151
109.4513615
108.6182789
111.7346196
112.2900055
107.6617754
75.88038639
82.91562162
77.73177134
83.44017564
110.9632495
75.91124285
113.5550495
110.0376042
110.0376042
112.845391
113.5859042
109.5439262
107.4766455
99.42344548
109.9450396
108.5257141
110.7781206
108.7108437
108.8959732
112.3825698
109.5439262
111.4260717
108.8034085
111.4260717
108.0628899
109.3587968
106.2733
108.1554548
107.970325
107.8777601
112.7528268
111.0866688
107.1989506
109.3587968
108.1554548
108.4331493
107.1989506
108.3405845
90.19762837
108.6182789
107.6617754
106.5509953
98.96061491
109.5439262
111.9197483
106.2733
117.072476
109.1736674
107.3840805
112.9379552
108.988538
112.1974412
109.0811027
112.1974412
109.5439262
113.0305194
79.05859403
79.18201926
108.0628899
106.2733
109.297087
107.8777601
107.970325
108.2480196
107.5692104
107.1989506
107.6000654
107.1989506
113.6167589
60.94569155
111.0866688
107.6000654
105.2242278
109.0811027
104.3911398
109.3587968
113.801887
107.4766455
111.4260717
81.34195708
110.0376042
110.1301688
111.2409429
108.988538
104.8539666
110.2227334
107.6617754
104.2985744
106.6435604
104.8539666
107.8777601
80.97168253
112.9379552
112.1974412
109.0811027
100.5342375
111.7346196
103.5271957
112.845391
86.06293946
104.7614013
104.3911398
105.1316625
108.5257141
110.1301688
107.2915155
107.6617754
106.2733
106.6435604
106.6435604
107.0138205
82.20593023
115.0052188
108.6182789
110.6855561
105.8104742
82.29849872
103.1569335
61.19254875
84.859555
110.1918785
78.25632947
107.4766455
109.852475
113.8944511
105.316793
108.2480196
105.8104742
107.6617754
104.7614013
106.0881697
106.2733
114.7275271
111.2409429
114.7275271
108.0628899
104.8539666
104.7614013
106.3658651
106.2733
109.0811027
82.36021104
96.12191368
103.3420646
106.7361254
106.1807349
107.9394701
108.0628899
102.5089743
106.2733
103.4346301
113.801887
106.3658651
106.2733
107.6617754
109.3587968
106.5509953
109.2662321
108.5257141
60.42111969
104.6688359
108.1554548
82.29849872
54.18793985
105.5019235
106.7361254
105.8104742
109.3587968
106.6435604
106.2733
106.4584302
106.7052704
111.2409429
104.3911398
112.8762457
105.8104742
108.4331493
105.2242278
109.0811027
106.1807349
105.316793
105.316793
106.4584302
106.6435604
106.2733
110.2227334
107.1989506
108.1554548
59.74226137
106.3658651
105.9030394
106.7361254
116.1468393
106.7361254
109.5439262
105.4093583
107.2915155
107.4457905
58.04511252
104.0208782
103.3420646
106.3658651
106.2733
67.6416605
66.16053035
108.0628899
83.25503897
83.62531225
94.4557138
109.852475
107.0138205
108.2480196
105.5019235
109.0811027
106.5509953
109.0811027
107.0138205
103.5271957
84.45842636
105.6870539
107.3840805
105.9030394
107.2915155
110.500427
58.23025625
108.2480196
105.9956046
92.51180864
87.85258411
107.6617754
108.4331493
107.4149355
116.9490578
106.6435604
108.6182789
112.3825698
84.64356268
84.55099453
111.5186361
113.5859042
105.5327786
114.7892364
108.4331493
107.5692104
107.1989506
110.7781206
110.2227334
108.6182789
111.1483784
112.1974412
110.0376042
106.3658651
108.8034085
106.8286905
108.6182789
112.3825698
106.8286905
108.5257141
110.0376042
110.0376042
107.6617754
106.8595455
105.0390972
109.5439262
73.75128729
86.12465143
95.31966982
111.1175236
105.2550829
109.4513615
112.1048769
112.7836815
104.4837052
104.1134436
107.3532255
63.63025867
108.6182789
110.9632495
113.9870151
109.6364909
95.38138092
63.78454381
110.7781206
110.2227334
108.2480196
110.0376042
111.4260717
68.10451299
110.0376042
113.0305194
107.5692104
112.9379552
110.500427
112.8762457
110.8706851
109.7599104
112.845391
113.801887
116.0542755
114.0795792
110.315298
113.709323
109.852475
110.6855561
111.1483784
107.1989506
107.1989506
110.0376042
104.7614013
111.055814
117.1341851
109.1736674
114.7275271
108.8959732
110.8706851
109.0811027
106.7361254
108.2480196
108.5257141
111.1483784
104.2985744
101.8610144
107.0138205
108.3405845
111.5186361
68.93764666
107.970325
106.1807349
108.2480196
113.9870151
104.3911398
108.8034085
110.1301688
113.3082118
113.1539382
112.7528268
66.09881652
121.2378253
98.7446272
113.0613741
112.1048769
107.7851952
113.5859042
113.5859042
111.7346196
110.6855561
110.6855561
106.4275752
112.5676983
111.6112005
110.9632495
111.055814
110.8706851
106.7361254
109.5439262
113.709323
116.0542755
109.0502478
110.8706851
110.4078625
112.1974412
107.5692104
105.5944887
102.5089743
106.1807349
120.6824469
110.9632495
105.5944887
108.8034085
112.0123126
113.2156477
113.3082118
114.820091
118.8928912
117.6587119
104.2985744
113.0305194
109.0193929
61.31597732
108.8034085
105.2242278
114.7275271
113.8944511
108.1554548
112.0123126
58.69311533
99.33087939
111.5186361
108.1554548
110.4078625
58.81654436
83.62531225
106.2733
113.709323
115.0052188
110.500427
113.709323
112.2900055
110.6547012
111.055814
110.7781206
109.0811027
108.6182789
106.3658651
65.94453193
104.5762706
106.7361254
76.18895091
107.3840805
106.8286905
104.7614013
111.7346196
110.4078625
107.7851952
103.3420646
110.500427
109.0811027
111.2409429
111.827184
108.2480196
108.6182789
113.709323
114.5423992
110.1301688
111.055814
112.3825698
110.9632495
108.3405845
103.4346301
122.8422492
117.1650396
103.9283127
105.0390972
109.9450396
109.852475
80.8174014
100.9045011
106.6435604
107.1989506
107.0446755
113.1230835
112.0123126
105.316793
106.7361254
93.86945729
74.30670511
107.1989506
105.6870539
101.0896328
108.6182789
108.7108437
110.315298
107.2915155
111.2409429
119.9110873
114.6349631
107.1989506
106.2733
105.6870539
104.3911398
108.1554548
112.3825698
109.1736674
108.3405845
70.264487
103.4346301
107.970325
117.2576032
103.9283127
93.90031291
67.82680153
87.57488094
110.0376042
119.4482711
93.12892201
92.20325174
102.7866712
99.85542038
106.2733
104.2985744
107.8777601
110.0376042
100.4416716
100.3491056
104.3911398
102.9718024
108.988538
107.8777601
106.9212555
109.9450396
100.8119352
103.9283127
106.0881697
103.4346301
107.5692104
104.206009
106.2733
108.1554548
111.055814
105.9956046
104.8539666
115.9617118
57.95254064
104.3911398
101.9535802
107.1989506
106.1807349
63.38340238
113.4007759
103.7123266
106.8286905
104.4837052
105.316793
100.4416716
106.2733
110.9632495
101.5524619
97.23271126
120.0036505
102.9718024
99.48515619
99.20745792
123.4901885
123.3667715
107.1063856
122.9965205
63.29083125
67.73423102
108.2480196
104.6688359
100.4416716
102.5089743
104.8539666
120.77501
90.0742052
104.7614013
108.1554548
102.0461459
105.1316625
100.0714077
98.28179616
101.5524619
89.82735878
124.1381271
118.7694733
107.1063856
102.8792368
109.5439262
100.1639737
104.0208782
109.3587968
107.2915155
107.6617754
109.2662321
108.5257141
106.5509953
108.3405845
107.7851952
108.1554548
107.2915155
101.5524619
105.316793
124.5392317
94.98025866
101.4598961
99.85542038
112.0123126
115.3754743
72.70216347
106.8286905
104.2985744
106.8286905
102.2312773
118.8311823
85.60009955
118.9237456
86.34064326
101.4598961
109.1736674
92.94378806
92.82036539
99.20745792
107.8777601
104.7614013
101.6758829
96.58474623
94.42485821
69.49306852
68.75250593
112.3825698
103.3420646
98.65206102
119.8185241
78.47232387
96.49217975
109.6364909
96.12191368
116.8256397
102.5089743
110.8706851
98.96061491
99.14574717
105.8104742
107.2915155
97.88067566
116.5170941
115.4988928
102.5089743
93.00549938
103.7431818
93.37576719
122.7496864
92.17239604
94.51742498
98.7446272
96.76987916
95.90592504
93.93116853
100.0714077
119.6951064
98.52863942
105.3476481
101.5216066
97.81896479
72.91815969
96.30704674
100.7193693
94.88769195
61.53197725
107.1989506
105.6561989
64.92625269
70.91247782
93.37576719
109.6364909
94.51742498
95.81335846
67.24052141
74.70783991
119.1705812
106.4275752
109.9450396
98.7446272
97.32527764
111.7654744
94.14715781
107.8777601
99.14574717
95.41223647
107.8469052
89.51880062
94.42485821
95.72079187
109.9450396
108.5257141
105.316793
99.97884173
97.63383215
113.8944511
120.8367188
90.29019574
98.55949482
103.3420646
102.1387116
102.60154
99.30002402
105.3476481
105.5944887
105.316793
112.7836815
103.7123266
90.66046507
91.0307342
90.47533043
94.23972462
94.60999174
75.91124285
114.9435095
116.8256397
87.45145728
92.14154034
107.2298056
104.1751539
117.7512755
88.22285481
96.95501204
105.5019235
105.1316625
106.0881697
107.0138205
101.4598961
101.1204881
119.2631445
92.72779838
84.18072177
69.73992253
88.96339558
68.01194252
69.21535764
90.75303237
71.93074784
122.4411436
91.12330145
90.96902269
89.9816378
88.96339558
85.66181155
89.51880062
89.79650297
91.0307342
86.80348266
71.28275801
89.70393553
86.43321117
89.51880062
89.61136808
88.77826047
87.08118615
62.3651192
88.77826047
87.35888952
121.5155144
85.75437955
89.51880062
89.79650297
92.54266432
92.26496313
86.52577906
67.42566256
103.8048921
71.28275801
89.42623315
86.61834694
94.98025866
95.35052537
88.22285481
86.34064326
86.03208348
86.12465143
84.1498657
90.0124936
61.16169161
77.70091497
110.5929916
80.87911386
82.66877253
95.93678057
108.8342634
79.92257017
86.61834694
84.45842636
86.43321117
83.96472923
71.65303799
89.05596312
86.24807534
72.60959364
122.3485807
106.6435604
81.28024467
81.52709428
98.7446272
73.35015191
118.4917832
112.4751341
70.35705715
75.69524761
80.01513897
75.13983096
113.5550495
109.8216201
84.45842636
87.9142959
117.843839
79.45972595
124.9094819
124.9094819
79.92257017
100.7193693
78.22547312
75.44839582
78.99688141
120.1887769
75.69524761
125.0946069
88.65483703
121.7623489
120.3121944
120.28134
69.89420624
85.97037151
70.85076444
77.57748946
75.04726147
70.23363027
116.239403
123.1199375
116.733076
118.615201
83.68702444
93.22148896
75.41753934
79.92257017
72.30102745
121.1452623
73.62786104
161.6866305
85.87780354
77.1146436
66.87023896
116.4245304
73.99813971
67.61080365
93.49918975
82.39106719
75.69524761
90.56789776
77.42320754
68.65993555
70.07934664
120.8058644
75.91124285
84.64356268
125.4648567
78.71917453
125.0946069
65.79024729
115.0360735
86.83433861
110.1918785
99.48515619
91.21586869
66.77766831
76.74436668
86.03208348
115.6840204
114.8509456
82.94647775
82.29849872
96.43046875
84.98297915
83.53274395
85.72352356
73.31929533
117.0416215
84.79784292
76.74436668
81.74308762
79.18201926
76.55922814
109.852475
84.61270663
85.56924354
81.43452569
125.0637527
81.46538189
83.53274395
67.42566256
76.00381221
110.2535882
59.52626085
77.76262771
80.20027654
58.97083062
66.40738561
68.65993555
104.0208782
112.0740222
101.8301592
108.3097295
98.83719337
96.6773127
93.15977766
91.33929165
87.66744868
76.74436668
76.74436668
80.78654517
117.1341851
75.23240043
67.24052141
141.9716182
90.25933995
68.93764666
87.29717767
73.16501242
81.71223143
84.64356268
86.52577906
76.37408955
76.74436668
80.78654517
82.85390936
70.54219743
71.46789802
67.70337418
174.7987936
91.21586869
84.36585818
84.92126708
68.35136752
84.36585818
79.08945034
81.34195708
71.00504789
68.93764666
75.41753934
77.63920222
67.70337418
174.1509046
61.03826301
73.84385696
78.04033499
77.57748946
66.68509766
71.93074784
59.68054694
74.3992747
68.75250593
74.67698339
89.82735878
60.60626275
118.8928912
64.52511196
66.00624577
80.41627031
70.54219743
68.47479475
113.801887
78.44146753
81.34195708
75.32496989
60.39026251
90.29019574
80.01513897
71.00504789
99.76285435
96.06020265
77.67005859
86.8960505
68.75250593
70.54219743
68.65993555
82.94647775
75.13983096
62.17997664
78.04033499
85.10640327
78.62660554
158.7864935
63.01311777
119.1705812
76.34323311
71.37532802
68.65993555
91.06158995
80.41627031
75.41753934
84.27328998
111.3643621
114.3572712
89.33366566
69.52392527
75.88038639
60.85312008
70.54219743
76.34323311
63.41425942
63.1982601
72.0541744
81.89736852
79.27458817
200.2819242
121.8857662
83.22418286
75.23240043
69.58563878
70.1410601
71.46789802
70.17191683
100.8119352
89.79650297
93.09806635
84.1498657
122.7496864
63.38340238
72.39359732
94.98025866
63.01311777
75.88038639
176.5264945
70.23363027
75.23240043
72.97987288
76.92950516
102.8792368
63.38340238
77.88605319
73.8130004
104.2677193
86.03208348
67.20966455
76.46665885
75.6026782
111.4569265
84.89041104
79.36715707
73.53529134
74.76955293
75.81867347
73.84385696
80.87911386
74.76955293
83.50188785
76.34323311
73.8130004
79.36715707
79.39801336
77.48492031
114.0178698
81.80479998
95.6590808
61.99483402
79.45972595
75.78781701
82.66877253
78.99688141
103.3729198
81.80479998
67.30223513
123.305063
86.52577906
72.88730309
92.45009727
89.45708898
98.43607321
91.83298327
90.6296093
87.32803359
111.2717977
101.1513434
96.49217975
107.2915155
112.9379552
102.755816
100.0714077
99.63943296
101.799304
104.4837052
111.1175236
78.8117435
76.15809446
73.35015191
65.08053753
68.38222433
104.8848217
98.92975953
71.7764646
81.15681983
78.04033499
107.1372406
104.1134436
101.1513434
210.8636134
72.57873703
103.403775
106.4892852
74.49184427
79.39801336
83.77959272
80.50883905
78.13290406
216.8793671
116.9799124
94.33229142
74.27584857
66.4690994
103.3112094
71.65303799
81.43452569
75.13983096
81.55795048
75.97295576
89.33366566
84.27328998
93.56090102
74.58441384
74.61527036
84.1498657
93.22148896
82.94647775
106.6435604
126.5447509
83.22418286
90.69132084
82.76134095
125.0946069
84.36585818
63.35254534
84.45842636
69.61649553
88.22285481
66.4999563
67.51823311
99.05318105
75.97295576
78.99688141
63.07483189
68.75250593
74.76955293
97.78810936
90.29019574
84.45842636
98.09666365
109.0811027
63.56854461
190.5947482
104.2985744
121.7006403
91.30843591
94.14715781
90.75303237
142.8046588
87.63659277
89.950782
68.19708345
77.79348408
88.68569289
106.2733
106.2733
110.4695722
99.70114366
85.75437955
102.5089743
102.7866712
104.3911398
104.2368642
105.3785032
105.2550829
105.9030394
108.4331493
83.59445615
71.28275801
80.78654517
104.5762706
102.6941056
91.55528178
85.75437955
120.0036505
98.92975953
106.4584302
107.1372406
102.323843
99.63943296
94.76426965
86.06293946
105.316793
101.4907514
102.5706847
99.17660255
109.4822164
97.01672299
113.0922288
104.0208782
95.87506952
98.96061491
101.5524619
103.064368
88.87082803
103.064368
104.206009
76.89864875
99.60857761
78.71917453
102.6941056
98.92975953
104.1134436
113.0613741
101.5833172
211.0487144
118.2449474
210.9253138
88.77826047
101.8301592
97.01672299
98.18922991
103.9283127
88.87082803
79.7682888
98.92975953
107.0138205
127.5320812
96.12191368
111.4260717
95.53565864
95.31966982
95.59736973
106.4584302
100.6268034
107.1372406
77.5157767
98.83719337
97.04757846
130.0004005
100.3491056
100.6268034
105.9956046
99.67028831
109.0193929
101.9535802
96.76987916
99.02232567
94.98025866
111.1792332
98.7446272
95.44309201
97.60297671
